1 17
2 50
3 26
4 87
5 11
6 96
7 73
8 86
9 64
10 87
11 37
12 2
13 92
14 33
15 60
16 73
17 43
18 22
19 52
20 82
21 57
22 28
23 25
24 8
25 37
26 81
27 74
28 93
29 26
30 49
31 43
32 28
33 74
34 86
35 12
36 88
37 75
38 16
39 60
40 3
41 32
42 83
43 77
44 72
45 93
46 79
47 15
48 21
49 27
50 41
51 88
52 84
53 34
54 64
55 58
56 84
57 9
58 90
59 97
60 65
61 68
62 69
63 21
64 2
65 58
66 32
67 99
68 28
69 15
70 72
71 96
72 20
73 25
74 94
75 39
76 64
77 98
78 47
79 12
80 66
81 0
82 83
83 59
84 46
85 29
86 45
87 71
88 35
89 72
90 0
91 75
92 50
93 33
94 76
95 42
96 20
97 70
98 68
99 87
100 58
101 18
102 17
103 22
104 58
105 86
106 7
107 98
108 71
109 68
110 27
111 19
112 73
113 31
114 37
115 44
116 60
117 22
118 57
119 50
120 85
121 33
122 62
123 5
124 49
125 69
126 18
127 40
128 57
129 37
130 45
131 63
132 21
133 29
134 93
135 12
136 72
137 71
138 35
139 47
140 45
141 18
142 1
143 77
144 86
145 83
146 79
147 60
148 18
149 64
150 87
151 56
152 45
153 63
154 9
155 66
156 64
157 40
158 4
159 58
160 14
161 7
162 41
163 88
164 95
165 48
166 1
167 55
168 46
169 13
170 10
171 21
172 70
173 6
174 51
175 76
176 75
177 28
178 93
179 99
180 84
181 52
182 79
183 85
184 67
185 17
186 56
187 51
188 12
189 97
190 1
191 19
192 22
193 4
194 81
195 5
196 74
197 23
198 62
199 79
200 85
201 31
202 59
203 69
204 2
205 26
206 11
207 57
208 87
209 7
210 66
211 72
212 78
213 23
214 37
215 6
216 28
217 12
218 24
219 95
220 84
221 37
222 97
223 45
224 53
225 33
226 92
227 47
228 23
229 73
230 39
231 61
232 65
233 73
234 47
235 95
236 65
237 43
238 64
239 40
240 43
241 87
242 82
243 71
244 76
245 78
246 66
247 89
248 95
249 10
250 85
251 11
252 50
253 92
254 72
255 47
256 12
257 57
258 92
259 49
260 66
261 55
262 32
263 11
264 64
265 52
266 94
267 86
268 75
269 93
270 50
271 86
272 1
273 16
274 63
275 53
276 29
277 44
278 24
279 71
280 84
281 18
282 95
283 74
284 37
285 94
286 46
287 29
288 22
289 32
290 42
291 16
292 67
293 73
294 21
295 43
296 61
297 30
298 67
299 95
300 59
301 27
302 9
303 97
304 65
305 26
306 23
307 86
308 15
309 31
310 57
311 29
312 60
313 97
314 61
315 89
316 21
317 26
318 19
319 90
320 8
321 39
322 77
323 91
324 74
325 11
326 14
327 87
328 17
329 81
330 7
331 85
332 11
333 67
334 30
335 26
336 93
337 30
338 35
339 17
340 40
341 96
342 80
343 33
344 90
345 37
346 60
347 75
348 61
349 61
350 72
351 36
352 13
353 37
354 30
355 95
356 15
357 60
358 68
359 17
360 10
361 9
362 61
363 80
364 77
365 35
366 95
367 98
368 32
369 15
370 34
371 51
372 25
373 11
374 17
375 61
376 31
377 76
378 75
379 37
380 98
381 19
382 95
383 22
384 57
385 30
386 61
387 48
388 14
389 46
390 93
391 31
392 68
393 80
394 55
395 86
396 47
397 40
398 82
399 39
400 71
401 45
402 1
403 59
404 7
405 20
406 28
407 99
408 58
409 77
410 35
411 2
412 41
413 12
414 18
415 84
416 53
417 78
418 9
419 57
420 42
421 19
422 7
423 47
424 97
425 44
426 31
427 60
428 63
429 57
430 82
431 42
432 84
433 85
434 76
435 86
436 8
437 3
438 33
439 89
440 4
441 49
442 24
443 71
444 8
445 76
446 84
447 22
448 84
449 82
450 11
451 66
452 57
453 52
454 53
455 47
456 16
457 88
458 65
459 60
460 90
461 40
462 23
463 64
464 7
465 58
466 54
467 99
468 25
469 43
470 29
471 74
472 76
473 79
474 93
475 64
476 72
477 74
478 29
479 40
480 3
481 65
482 47
483 48
484 57
485 72
486 59
487 89
488 22
489 73
490 10
491 30
492 4
493 43
494 37
495 15
496 18
497 4
498 4
499 23
500 98
501 37
502 10
503 85
504 10
505 75
506 7
507 20
508 57
509 83
510 66
511 86
512 5
513 79
514 80
515 59
516 96
517 25
518 81
519 67
520 73
521 97
522 54
523 74
524 29
525 75
526 97
527 49
528 84
529 91
530 34
531 81
532 26
533 9
534 38
535 32
536 3
537 41
538 14
539 32
540 75
541 79
542 69
543 36
544 2
545 57
546 51
547 86
548 44
549 77
550 84
551 43
552 53
553 2
554 13
555 62
556 65
557 52
558 65
559 20
560 50
561 16
562 19
563 10
564 35
565 26
566 88
567 26
568 98
569 78
570 69
571 99
572 86
573 70
574 64
575 2
576 75
577 38
578 52
579 73
580 22
581 57
582 6
583 16
584 48
585 8
586 42
587 33
588 96
589 46
590 19
591 6
592 38
593 98
594 24
595 37
596 80
597 14
598 20
599 62
600 27
601 21
602 41
603 61
604 82
605 43
606 14
607 52
608 39
609 30
610 50
611 82
612 30
613 45
614 93
615 77
616 57
617 17
618 78
619 65
620 90
621 72
622 74
623 94
624 4
625 89
626 97
627 35
628 92
629 15
630 70
631 38
632 23
633 42
634 94
635 47
636 86
637 72
638 18
639 34
640 75
641 9
642 10
643 58
644 84
645 77
646 36
647 40
648 13
649 23
650 45
651 98
652 90
653 75
654 94
655 79
656 83
657 58
658 1
659 19
660 93
661 10
662 3
663 21
664 86
665 41
666 72
667 49
668 16
669 75
670 7
671 53
672 78
673 16
674 92
675 15
676 16
677 12
678 27
679 8
680 38
681 45
682 90
683 97
684 50
685 55
686 87
687 79
688 7
689 36
690 73
691 58
692 13
693 79
694 57
695 11
696 54
697 19
698 6
699 26
700 66
701 76
702 34
703 27
704 76
705 98
706 63
707 65
708 30
709 67
710 18
711 85
712 64
713 20
714 58
715 69
716 80
717 40
718 93
719 65
720 69
721 3
722 57
723 88
724 49
725 17
726 38
727 95
728 49
729 11
730 72
731 27
732 18
733 33
734 28
735 41
736 6
737 91
738 92
739 43
740 10
741 50
742 81
743 43
744 30
745 70
746 56
747 12
748 77
749 5
750 81
751 0
752 40
753 27
754 36
755 60
756 74
757 50
758 53
759 11
760 75
761 69
762 31
763 31
764 94
765 60
766 6
767 3
768 68
769 84
770 83
771 22
772 39
773 33
774 93
775 6
776 0
777 77
778 33
779 7
780 46
781 75
782 89
783 54
784 88
785 45
786 71
787 7
788 82
789 48
790 46
791 34
792 71
793 10
794 47
795 79
796 99
797 67
798 14
799 85
800 28
801 3
802 11
803 82
804 31
805 47
806 20
807 34
808 11
809 28
810 45
811 88
812 93
813 39
814 15
815 66
816 14
817 92
818 94
819 52
820 42
821 44
822 29
823 28
824 29
825 41
826 0
827 6
828 93
829 52
830 98
831 52
832 24
833 66
834 1
835 77
836 0
837 37
838 52
839 22
840 22
841 76
842 79
843 51
844 95
845 34
846 50
847 36
848 65
849 24
850 60
851 19
852 78
853 97
854 7
855 85
856 34
857 78
858 41
859 21
860 28
861 91
862 53
863 42
864 40
865 73
866 37
867 42
868 20
869 44
870 20
871 52
872 25
873 56
874 33
875 47
876 4
877 51
878 18
879 24
880 94
881 53
882 98
883 37
884 61
885 13
886 2
887 9
888 93
889 26
890 67
891 88
892 64
893 54
894 4
895 57
896 31
897 22
898 82
899 95
900 5
901 9
902 44
903 99
904 33
905 40
906 16
907 21
908 0
909 60
910 64
911 10
912 72
913 8
914 75
915 70
916 37
917 50
918 68
919 0
920 39
921 87
922 10
923 98
924 21
925 3
926 45
927 47
928 53
929 43
930 25
931 4
932 72
933 47
934 12
935 16
936 77
937 88
938 35
939 16
940 66
941 99
942 18
943 29
944 52
945 60
946 65
947 9
948 97
949 97
950 16
951 26
952 91
953 19
954 29
955 51
956 46
957 23
958 33
959 45
960 15
961 16
962 37
963 14
964 57
965 84
966 61
967 85
968 6
969 69
970 52
971 97
972 76
973 82
974 6
975 59
976 53
977 26
978 21
979 95
980 96
981 82
982 66
983 3
984 73
985 46
986 21
987 76
988 57
989 34
990 49
991 20
992 88
993 67
994 8
995 65
996 24
997 42
998 53
999 83
1000 71
1001 54
1002 16
1003 15
1004 97
1005 37
1006 6
1007 79
1008 67
1009 96
1010 46
1011 35
1012 80
1013 44
1014 6
1015 51
1016 50
1017 6
1018 42
1019 65
1020 17
1021 76
1022 20
1023 50
1024 89
1025 78
1026 75
1027 28
1028 45
1029 50
1030 82
1031 50
1032 21
1033 11
1034 58
1035 59
1036 96
1037 2
1038 28
1039 93
1040 15
1041 32
1042 38
1043 22
1044 67
1045 49
1046 56
1047 67
1048 65
1049 93
1050 39
1051 73
1052 85
1053 44
1054 38
1055 89
1056 28
1057 32
1058 65
1059 31
1060 96
1061 67
1062 83
1063 10
1064 79
1065 93
1066 39
1067 96
1068 22
1069 35
1070 59
1071 61
1072 52
1073 77
1074 18
1075 23
1076 82
1077 99
1078 53
1079 77
1080 87
1081 94
1082 97
1083 68
1084 86
1085 35
1086 59
1087 35
1088 24
1089 49
1090 96
1091 15
1092 24
1093 16
1094 28
1095 63
1096 45
1097 54
1098 83
1099 39
1100 96
1101 65
1102 15
1103 52
1104 31
1105 12
1106 37
1107 91
1108 77
1109 15
1110 63
1111 98
1112 87
1113 42
1114 43
1115 24
1116 13
1117 41
1118 15
1119 10
1120 35
1121 10
1122 5
1123 60
1124 19
1125 68
1126 25
1127 21
1128 12
1129 68
1130 17
1131 7
1132 64
1133 88
1134 17
1135 56
1136 23
1137 48
1138 69
1139 90
1140 44
1141 40
1142 12
1143 78
1144 89
1145 63
1146 18
1147 58
1148 4
1149 10
1150 55
1151 77
1152 5
1153 90
1154 51
1155 45
1156 4
1157 16
1158 26
1159 13
1160 55
1161 35
1162 30
1163 25
1164 11
1165 40
1166 31
1167 62
1168 92
1169 85
1170 63
1171 79
1172 87
1173 12
1174 87
1175 49
1176 78
1177 83
1178 54
1179 32
1180 96
1181 6
1182 29
1183 67
1184 26
1185 17
1186 63
1187 7
1188 6
1189 84
1190 84
1191 37
1192 6
1193 69
1194 30
1195 53
1196 1
1197 48
1198 23
1199 58
1200 11
1201 95
1202 22
1203 38
1204 18
1205 89
1206 56
1207 64
1208 70
1209 38
1210 71
1211 82
1212 45
1213 80
1214 35
1215 66
1216 31
1217 79
1218 33
1219 37
1220 18
1221 72
1222 90
1223 38
1224 38
1225 52
1226 68
1227 50
1228 10
1229 41
1230 68
1231 24
1232 47
1233 22
1234 4
1235 84
1236 17
1237 0
1238 71
1239 29
1240 31
1241 18
1242 20
1243 19
1244 95
1245 37
1246 92
1247 25
1248 72
1249 37
1250 53
1251 56
1252 36
1253 87
1254 95
1255 69
1256 75
1257 91
1258 97
1259 36
1260 94
1261 23
1262 90
1263 16
1264 0
1265 71
1266 50
1267 69
1268 72
1269 33
1270 25
1271 98
1272 35
1273 5
1274 70
1275 52
1276 41
1277 85
1278 8
1279 68
1280 51
1281 58
1282 46
1283 79
1284 37
1285 66
1286 65
1287 88
1288 31
1289 3
1290 33
1291 20
1292 0
1293 38
1294 13
1295 43
1296 83
1297 86
1298 19
1299 88
1300 22
1301 40
1302 92
1303 33
1304 38
1305 74
1306 60
1307 40
1308 49
1309 0
1310 51
1311 94
1312 91
1313 2
1314 89
1315 91
1316 67
1317 89
1318 63
1319 29
1320 17
1321 15
1322 19
1323 94
1324 14
1325 26
1326 61
1327 71
1328 16
1329 89
1330 68
1331 21
1332 49
1333 60
1334 38
1335 91
1336 59
1337 65
1338 67
1339 64
1340 30
1341 93
1342 21
1343 93
1344 37
1345 70
1346 73
1347 75
1348 47
1349 72
1350 82
1351 26
1352 66
1353 19
1354 40
1355 73
1356 95
1357 18
1358 7
1359 81
1360 22
1361 10
1362 41
1363 65
1364 47
1365 38
1366 46
1367 33
1368 38
1369 15
1370 35
1371 20
1372 51
1373 41
1374 83
1375 60
1376 19
1377 1
1378 71
1379 96
1380 32
1381 51
1382 88
1383 92
1384 92
1385 11
1386 32
1387 61
1388 98
1389 43
1390 93
1391 10
1392 37
1393 16
1394 65
1395 60
1396 9
1397 94
1398 72
1399 89
1400 24
1401 23
1402 52
1403 39
1404 18
1405 64
1406 84
1407 43
1408 37
1409 55
1410 31
1411 90
1412 60
1413 57
1414 75
1415 12
1416 15
1417 76
1418 86
1419 32
1420 88
1421 5
1422 9
1423 76
1424 45
1425 23
1426 14
1427 9
1428 39
1429 92
1430 12
1431 25
1432 4
1433 93
1434 65
1435 33
1436 41
1437 70
1438 47
1439 30
1440 46
1441 72
1442 24
1443 4
1444 38
1445 75
1446 18
1447 85
1448 9
1449 52
1450 23
1451 91
1452 98
1453 24
1454 2
1455 1
1456 7
1457 36
1458 93
1459 45
1460 18
1461 11
1462 2
1463 87
1464 70
1465 58
1466 86
1467 59
1468 57
1469 39
1470 94
1471 45
1472 34
1473 21
1474 43
1475 2
1476 5
1477 93
1478 56
1479 34
1480 21
1481 10
1482 82
1483 41
1484 2
1485 55
1486 72
1487 63
1488 59
1489 1
1490 77
1491 75
1492 16
1493 13
1494 27
1495 9
1496 15
1497 20
1498 21
1499 64
1500 14
1501 94
1502 49
1503 84
1504 41
1505 37
1506 64
1507 65
1508 83
1509 83
1510 7
1511 73
1512 20
1513 83
1514 5
1515 75
1516 9
1517 15
1518 19
1519 7
1520 36
1521 80
1522 8
1523 40
1524 94
1525 60
1526 5
1527 2
1528 66
1529 98
1530 96
1531 94
1532 32
1533 36
1534 50
1535 23
1536 68
1537 28
1538 90
1539 45
1540 6
1541 76
1542 67
1543 64
1544 16
1545 45
1546 17
1547 0
1548 75
1549 96
1550 72
1551 70
1552 38
1553 13
1554 82
1555 35
1556 3
1557 40
1558 6
1559 53
1560 56
1561 53
1562 72
1563 30
1564 43
1565 81
1566 22
1567 94
1568 75
1569 39
1570 6
1571 33
1572 75
1573 29
1574 46
1575 69
1576 41
1577 59
1578 9
1579 5
1580 4
1581 22
1582 61
1583 55
1584 14
1585 67
1586 77
1587 61
1588 33
1589 35
1590 17
1591 4
1592 80
1593 11
1594 88
1595 58
1596 59
1597 57
1598 46
1599 13
1600 25
1601 21
1602 48
1603 29
1604 15
1605 14
1606 30
1607 15
1608 21
1609 89
1610 27
1611 61
1612 95
1613 1
1614 20
1615 61
1616 75
1617 54
1618 39
1619 81
1620 39
1621 87
1622 50
1623 90
1624 79
1625 38
1626 97
1627 46
1628 4
1629 59
1630 69
1631 52
1632 70
1633 26
1634 55
1635 6
1636 36
1637 63
1638 41
1639 5
1640 63
1641 92
1642 88
1643 66
1644 74
1645 72
1646 56
1647 18
1648 45
1649 86
1650 16
1651 4
1652 36
1653 30
1654 65
1655 62
1656 72
1657 61
1658 43
1659 5
1660 45
1661 56
1662 99
1663 63
1664 27
1665 86
1666 12
1667 48
1668 3
1669 80
1670 9
1671 17
1672 52
1673 42
1674 80
1675 0
1676 16
1677 48
1678 17
1679 4
1680 37
1681 15
1682 70
1683 70
1684 74
1685 46
1686 3
1687 70
1688 15
1689 65
1690 61
1691 76
1692 20
1693 9
1694 12
1695 14
1696 91
1697 74
1698 47
1699 26
1700 76
1701 16
1702 13
1703 14
1704 50
1705 17
1706 26
1707 12
1708 48
1709 49
1710 95
1711 5
1712 50
1713 86
1714 11
1715 26
1716 51
1717 95
1718 58
1719 13
1720 97
1721 64
1722 28
1723 26
1724 19
1725 87
1726 40
1727 13
1728 98
1729 13
1730 63
1731 41
1732 74
1733 60
1734 53
1735 60
1736 85
1737 5
1738 27
1739 38
1740 4
1741 75
1742 82
1743 52
1744 57
1745 34
1746 75
1747 48
1748 48
1749 87
1750 60
1751 27
1752 21
1753 49
1754 48
1755 36
1756 20
1757 49
1758 55
1759 1
1760 77
1761 51
1762 61
1763 56
1764 43
1765 28
1766 66
1767 63
1768 36
1769 13
1770 74
1771 1
1772 2
1773 86
1774 87
1775 81
1776 13
1777 28
1778 71
1779 41
1780 26
1781 52
1782 84
1783 72
1784 20
1785 20
1786 12
1787 1
1788 65
1789 81
1790 50
1791 72
1792 87
1793 37
1794 65
1795 12
1796 82
1797 88
1798 22
1799 87
1800 83
1801 65
1802 0
1803 21
1804 83
1805 65
1806 84
1807 27
1808 7
1809 98
1810 63
1811 61
1812 87
1813 55
1814 70
1815 56
1816 12
1817 98
1818 65
1819 58
1820 55
1821 33
1822 24
1823 71
1824 53
1825 9
1826 30
1827 56
1828 66
1829 23
1830 3
1831 71
1832 79
1833 37
1834 33
1835 31
1836 55
1837 25
1838 67
1839 72
1840 9
1841 86
1842 39
1843 83
1844 76
1845 80
1846 78
1847 71
1848 88
1849 54
1850 95
1851 82
1852 74
1853 70
1854 29
1855 79
1856 46
1857 61
1858 57
1859 21
1860 57
1861 79
1862 7
1863 61
1864 47
1865 89
1866 45
1867 43
1868 10
1869 66
1870 7
1871 71
1872 2
1873 19
1874 42
1875 16
1876 32
1877 91
1878 9
1879 1
1880 30
1881 76
1882 57
1883 18
1884 82
1885 75
1886 49
1887 50
1888 91
1889 77
1890 34
1891 23
1892 21
1893 2
1894 12
1895 28
1896 95
1897 78
1898 59
1899 4
1900 56
1901 23
1902 48
1903 68
1904 27
1905 94
1906 13
1907 15
1908 17
1909 11
1910 45
1911 6
1912 26
1913 12
1914 0
1915 21
1916 55
1917 7
1918 60
1919 49
1920 35
1921 23
1922 28
1923 84
1924 63
1925 68
1926 90
1927 36
1928 12
1929 27
1930 47
1931 87
1932 97
1933 62
1934 46
1935 11
1936 19
1937 2
1938 76
1939 64
1940 66
1941 42
1942 60
1943 66
1944 8
1945 95
1946 68
1947 84
1948 9
1949 69
1950 66
1951 13
1952 90
1953 65
1954 32
1955 3
1956 8
1957 95
1958 27
1959 17
1960 85
1961 17
1962 83
1963 47
1964 1
1965 53
1966 94
1967 44
1968 71
1969 59
1970 86
1971 81
1972 3
1973 86
1974 57
1975 1
1976 85
1977 84
1978 84
1979 23
1980 8
1981 86
1982 4
1983 20
1984 29
1985 11
1986 33
1987 30
1988 98
1989 89
1990 72
1991 52
1992 79
1993 30
1994 85
1995 9
1996 52
1997 13
1998 42
1999 91
2000 69
2001 13
2002 44
2003 83
2004 79
2005 19
2006 20
2007 19
2008 9
2009 99
2010 41
2011 9
2012 39
2013 82
2014 40
2015 56
2016 19
2017 99
2018 36
2019 53
2020 38
2021 36
2022 70
2023 15
2024 97
2025 92
2026 78
2027 36
2028 49
2029 26
2030 92
2031 40
2032 16
2033 33
2034 37
2035 33
2036 83
2037 71
2038 93
2039 72
2040 15
2041 73
2042 2
2043 50
2044 68
2045 13
2046 84
2047 3
2048 40
2049 79
2050 85
2051 29
2052 11
2053 26
2054 71
2055 23
2056 76
2057 82
2058 29
2059 33
2060 82
2061 3
2062 15
2063 3
2064 81
2065 54
2066 27
2067 32
2068 8
2069 84
2070 80
2071 36
2072 67
2073 89
2074 16
2075 11
2076 9
2077 10
2078 87
2079 47
2080 17
2081 98
2082 64
2083 78
2084 87
2085 27
2086 89
2087 96
2088 23
2089 53
2090 59
2091 95
2092 61
2093 9
2094 63
2095 16
2096 27
2097 8
2098 47
2099 55
2100 16
2101 51
2102 14
2103 15
2104 74
2105 39
2106 91
2107 52
2108 96
2109 38
2110 57
2111 70
2112 6
2113 4
2114 8
2115 27
2116 45
2117 69
2118 23
2119 66
2120 14
2121 88
2122 76
2123 87
2124 11
2125 53
2126 20
2127 43
2128 11
2129 67
2130 0
2131 24
2132 32
2133 76
2134 89
2135 21
2136 47
2137 71
2138 35
2139 40
2140 51
2141 89
2142 66
2143 14
2144 65
2145 18
2146 34
2147 17
2148 56
2149 46
2150 90
2151 5
2152 82
2153 43
2154 31
2155 8
2156 40
2157 44
2158 94
2159 48
2160 84
2161 12
2162 20
2163 27
2164 52
2165 11
2166 83
2167 7
2168 90
2169 50
2170 7
2171 40
2172 47
2173 99
2174 27
2175 81
2176 29
2177 35
2178 45
2179 99
2180 70
2181 43
2182 4
2183 58
2184 94
2185 34
2186 17
2187 35
2188 57
2189 41
2190 2
2191 75
2192 46
2193 30
2194 28
2195 37
2196 84
2197 67
2198 39
2199 31
2200 72
2201 15
2202 72
2203 23
2204 96
2205 71
2206 90
2207 41
2208 59
2209 23
2210 98
2211 54
2212 57
2213 96
2214 82
2215 83
2216 54
2217 66
2218 6
2219 28
2220 4
2221 27
2222 35
2223 52
2224 42
2225 21
2226 15
2227 5
2228 28
2229 54
2230 13
2231 54
2232 96
2233 94
2234 85
2235 98
2236 98
2237 43
2238 85
2239 89
2240 97
2241 50
2242 41
2243 5
2244 55
2245 41
2246 1
2247 89
2248 15
2249 1
2250 1
2251 86
2252 18
2253 49
2254 76
2255 55
2256 87
2257 86
2258 94
2259 72
2260 24
2261 82
2262 53
2263 25
2264 43
2265 24
2266 68
2267 24
2268 33
2269 73
2270 27
2271 60
2272 54
2273 97
2274 66
2275 85
2276 86
2277 13
2278 48
2279 61
2280 81
2281 66
2282 27
2283 21
2284 34
2285 44
2286 3
2287 77
2288 74
2289 36
2290 1
2291 82
2292 15
2293 64
2294 4
2295 26
2296 56
2297 64
2298 10
2299 86
2300 73
2301 26
2302 4
2303 40
2304 99
2305 99
2306 80
2307 65
2308 19
2309 21
2310 63
2311 1
2312 10
2313 50
2314 28
2315 90
2316 78
2317 52
2318 20
2319 24
2320 38
2321 19
2322 16
2323 42
2324 27
2325 15
2326 8
2327 2
2328 99
2329 22
2330 82
2331 3
2332 69
2333 69
2334 44
2335 32
2336 19
2337 32
2338 55
2339 90
2340 42
2341 9
2342 6
2343 70
2344 73
2345 3
2346 11
2347 49
2348 37
2349 88
2350 53
2351 81
2352 91
2353 23
2354 62
2355 73
2356 87
2357 45
2358 71
2359 86
2360 81
2361 86
2362 46
2363 56
2364 59
2365 24
2366 52
2367 64
2368 59
2369 29
2370 29
2371 55
2372 35
2373 65
2374 5
2375 57
2376 91
2377 8
2378 33
2379 93
2380 30
2381 89
2382 11
2383 9
2384 94
2385 1
2386 95
2387 42
2388 30
2389 72
2390 40
2391 84
2392 69
2393 45
2394 51
2395 96
2396 65
2397 65
2398 86
2399 16
2400 50
2401 29
2402 88
2403 45
2404 74
2405 57
2406 53
2407 64
2408 42
2409 61
2410 54
2411 34
2412 71
2413 24
2414 7
2415 6
2416 34
2417 60
2418 21
2419 57
2420 5
2421 9
2422 15
2423 34
2424 32
2425 30
2426 72
2427 4
2428 5
2429 49
2430 56
2431 40
2432 41
2433 56
2434 61
2435 39
2436 59
2437 12
2438 72
2439 13
2440 50
2441 79
2442 13
2443 86
2444 42
2445 30
2446 52
2447 33
2448 20
2449 92
2450 26
2451 80
2452 36
2453 27
2454 88
2455 78
2456 41
2457 97
2458 18
2459 60
2460 81
2461 20
2462 89
2463 72
2464 2
2465 50
2466 31
2467 6
2468 73
2469 91
2470 16
2471 38
2472 29
2473 57
2474 87
2475 82
2476 8
2477 14
2478 2
2479 91
2480 63
2481 50
2482 75
2483 4
2484 56
2485 40
2486 67
2487 70
2488 65
2489 18
2490 49
2491 51
2492 2
2493 94
2494 93
2495 11
2496 0
2497 12
2498 23
2499 2
2500 94
2501 26
2502 68
2503 57
2504 78
2505 59
2506 71
2507 49
2508 53
2509 71
2510 37
2511 94
2512 19
2513 21
2514 99
2515 12
2516 55
2517 26
2518 77
2519 32
2520 99
2521 26
2522 12
2523 25
2524 76
2525 38
2526 84
2527 51
2528 28
2529 1
2530 53
2531 42
2532 0
2533 33
2534 4
2535 33
2536 6
2537 9
2538 19
2539 52
2540 65
2541 20
2542 89
2543 8
2544 53
2545 1
2546 47
2547 21
2548 57
2549 58
2550 28
2551 14
2552 87
2553 60
2554 81
2555 11
2556 75
2557 65
2558 90
2559 91
2560 60
2561 41
2562 84
2563 54
2564 9
2565 67
2566 4
2567 9
2568 43
2569 12
2570 33
2571 78
2572 24
2573 74
2574 46
2575 7
2576 20
2577 58
2578 43
2579 90
2580 16
2581 24
2582 98
2583 27
2584 66
2585 13
2586 5
2587 61
2588 35
2589 71
2590 40
2591 79
2592 32
2593 53
2594 89
2595 59
2596 43
2597 13
2598 89
2599 39
2600 93
2601 79
2602 9
2603 61
2604 34
2605 53
2606 61
2607 49
2608 37
2609 57
2610 90
2611 52
2612 23
2613 8
2614 98
2615 94
2616 3
2617 35
2618 43
2619 66
2620 72
2621 0
2622 24
2623 32
2624 3
2625 76
2626 76
2627 33
2628 27
2629 75
2630 49
2631 82
2632 90
2633 74
2634 12
2635 85
2636 7
2637 40
2638 92
2639 52
2640 31
2641 13
2642 53
2643 90
2644 38
2645 13
2646 0
2647 97
2648 18
2649 96
2650 21
2651 2
2652 90
2653 87
2654 92
2655 76
2656 89
2657 6
2658 84
2659 95
2660 77
2661 21
2662 42
2663 61
2664 69
2665 74
2666 82
2667 87
2668 23
2669 93
2670 81
2671 46
2672 14
2673 6
2674 16
2675 66
2676 96
2677 44
2678 44
2679 91
2680 40
2681 43
2682 87
2683 95
2684 89
2685 41
2686 55
2687 68
2688 54
2689 99
2690 62
2691 90
2692 9
2693 19
2694 47
2695 10
2696 91
2697 46
2698 99
2699 70
2700 73
2701 26
2702 83
2703 38
2704 47
2705 37
2706 14
2707 28
2708 75
2709 81
2710 55
2711 52
2712 49
2713 5
2714 59
2715 50
2716 76
2717 46
2718 1
2719 96
2720 20
2721 32
2722 82
2723 25
2724 95
2725 48
2726 28
2727 56
2728 74
2729 46
2730 38
2731 39
2732 19
2733 68
2734 22
2735 83
2736 62
2737 85
2738 24
2739 77
2740 37
2741 56
2742 91
2743 91
2744 3
2745 25
2746 87
2747 77
2748 33
2749 10
2750 2
2751 56
2752 0
2753 60
2754 63
2755 13
2756 23
2757 9
2758 1
2759 83
2760 14
2761 18
2762 48
2763 38
2764 47
2765 82
2766 99
2767 83
2768 33
2769 50
2770 98
2771 5
2772 43
2773 77
2774 66
2775 34
2776 5
2777 15
2778 31
2779 64
2780 74
2781 85
2782 71
2783 44
2784 36
2785 59
2786 26
2787 77
2788 89
2789 66
2790 18
2791 23
2792 2
2793 79
2794 84
2795 42
2796 11
2797 6
2798 80
2799 85
2800 74
2801 60
2802 7
2803 47
2804 81
2805 67
2806 75
2807 72
2808 44
2809 39
2810 5
2811 46
2812 68
2813 14
2814 42
2815 97
2816 15
2817 50
2818 47
2819 46
2820 8
2821 71
2822 8
2823 96
2824 50
2825 0
2826 47
2827 39
2828 65
2829 10
2830 79
2831 0
2832 57
2833 64
2834 0
2835 55
2836 15
2837 27
2838 14
2839 45
2840 86
2841 86
2842 63
2843 36
2844 91
2845 78
2846 21
2847 33
2848 42
2849 51
2850 93
2851 19
2852 14
2853 47
2854 17
2855 9
2856 3
2857 17
2858 69
2859 78
2860 26
2861 79
2862 87
2863 50
2864 57
2865 69
2866 4
2867 38
2868 57
2869 29
2870 55
2871 77
2872 34
2873 46
2874 29
2875 22
2876 59
2877 1
2878 23
2879 97
2880 36
2881 92
2882 25
2883 25
2884 5
2885 76
2886 23
2887 64
2888 60
2889 7
2890 86
2891 27
2892 90
2893 61
2894 72
2895 50
2896 42
2897 83
2898 37
2899 68
2900 55
2901 33
2902 47
2903 44
2904 45
2905 54
2906 5
2907 15
2908 84
2909 3
2910 32
2911 14
2912 45
2913 61
2914 62
2915 91
2916 91
2917 12
2918 93
2919 80
2920 25
2921 16
2922 37
2923 45
2924 21
2925 80
2926 46
2927 28
2928 33
2929 58
2930 29
2931 48
2932 57
2933 18
2934 92
2935 62
2936 6
2937 15
2938 17
2939 35
2940 94
2941 28
2942 36
2943 18
2944 18
2945 0
2946 70
2947 26
2948 58
2949 44
2950 67
2951 1
2952 31
2953 74
2954 82
2955 61
2956 39
2957 75
2958 97
2959 4
2960 81
2961 11
2962 92
2963 59
2964 87
2965 17
2966 88
2967 91
2968 70
2969 47
2970 57
2971 3
2972 53
2973 59
2974 47
2975 22
2976 51
2977 27
2978 66
2979 26
2980 87
2981 31
2982 33
2983 47
2984 37
2985 57
2986 47
2987 74
2988 92
2989 99
2990 25
2991 74
2992 2
2993 13
2994 3
2995 72
2996 44
2997 86
2998 42
2999 59
3000 56
3001 33
3002 94
3003 30
3004 41
3005 1
3006 94
3007 59
3008 42
3009 42
3010 41
3011 82
3012 70
3013 99
3014 20
3015 95
3016 92
3017 71
3018 90
3019 41
3020 71
3021 4
3022 71
3023 22
3024 9
3025 13
3026 86
3027 64
3028 22
3029 41
3030 6
3031 18
3032 52
3033 49
3034 52
3035 5
3036 5
3037 14
3038 91
3039 83
3040 82
3041 63
3042 49
3043 50
3044 3
3045 94
3046 50
3047 23
3048 83
3049 62
3050 96
3051 13
3052 54
3053 70
3054 66
3055 36
3056 46
3057 65
3058 5
3059 66
3060 43
3061 86
3062 92
3063 48
3064 3
3065 88
3066 31
3067 80
3068 55
3069 65
3070 36
3071 32
3072 84
3073 64
3074 71
3075 55
3076 18
3077 1
3078 45
3079 72
3080 43
3081 26
3082 96
3083 39
3084 47
3085 77
3086 98
3087 44
3088 43
3089 51
3090 7
3091 83
3092 29
3093 84
3094 48
3095 9
3096 52
3097 89
3098 14
3099 50
3100 13
3101 12
3102 92
3103 24
3104 50
3105 76
3106 87
3107 29
3108 31
3109 83
3110 4
3111 10
3112 91
3113 93
3114 11
3115 22
3116 12
3117 24
3118 95
3119 6
3120 47
3121 46
3122 77
3123 2
3124 66
3125 48
3126 51
3127 90
3128 76
3129 8
3130 66
3131 48
3132 65
3133 73
3134 31
3135 77
3136 3
3137 39
3138 72
3139 19
3140 93
3141 74
3142 63
3143 1
3144 95
3145 77
3146 57
3147 55
3148 87
3149 96
3150 65
3151 34
3152 35
3153 35
3154 94
3155 60
3156 3
3157 18
3158 87
3159 37
3160 42
3161 73
3162 58
3163 65
3164 5
3165 77
3166 78
3167 57
3168 68
3169 78
3170 63
3171 98
3172 58
3173 28
3174 46
3175 85
3176 52
3177 89
3178 1
3179 33
3180 73
3181 61
3182 64
3183 16
3184 61
3185 77
3186 51
3187 36
3188 84
3189 34
3190 98
3191 67
3192 99
3193 5
3194 52
3195 85
3196 90
3197 44
3198 55
3199 50
3200 44
3201 68
3202 87
3203 65
3204 40
3205 54
3206 53
3207 67
3208 89
3209 21
3210 16
3211 77
3212 50
3213 74
3214 9
3215 4
3216 28
3217 16
3218 8
3219 47
3220 61
3221 75
3222 83
3223 68
3224 77
3225 67
3226 30
3227 66
3228 0
3229 97
3230 80
3231 23
3232 72
3233 85
3234 69
3235 76
3236 1
3237 40
3238 61
3239 69
3240 2
3241 34
3242 22
3243 63
3244 38
3245 73
3246 34
3247 22
3248 29
3249 88
3250 85
3251 89
3252 78
3253 34
3254 94
3255 57
3256 87
3257 3
3258 12
3259 65
3260 71
3261 58
3262 19
3263 27
3264 35
3265 41
3266 85
3267 57
3268 19
3269 6
3270 93
3271 20
3272 96
3273 83
3274 58
3275 10
3276 33
3277 64
3278 37
3279 35
3280 91
3281 69
3282 81
3283 53
3284 71
3285 51
3286 91
3287 28
3288 90
3289 94
3290 23
3291 68
3292 71
3293 69
3294 42
3295 88
3296 65
3297 97
3298 62
3299 33
3300 91
3301 99
3302 80
3303 81
3304 23
3305 80
3306 57
3307 46
3308 43
3309 52
3310 49
3311 77
3312 71
3313 40
3314 61
3315 3
3316 87
3317 46
3318 71
3319 94
3320 72
3321 50
3322 11
3323 59
3324 92
3325 51
3326 76
3327 5
3328 71
3329 72
3330 78
3331 15
3332 21
3333 37
3334 48
3335 58
3336 62
3337 49
3338 71
3339 8
3340 12
3341 13
3342 70
3343 61
3344 4
3345 17
3346 4
3347 36
3348 84
3349 39
3350 60
3351 80
3352 33
3353 77
3354 99
3355 98
3356 61
3357 91
3358 62
3359 78
3360 28
3361 78
3362 82
3363 21
3364 29
3365 22
3366 4
3367 36
3368 53
3369 31
3370 51
3371 36
3372 75
3373 26
3374 81
3375 79
3376 58
3377 14
3378 91
3379 88
3380 28
3381 49
3382 48
3383 4
3384 24
3385 71
3386 81
3387 43
3388 44
3389 67
3390 22
3391 31
3392 45
3393 40
3394 89
3395 87
3396 55
3397 46
3398 29
3399 56
3400 84
3401 9
3402 62
3403 37
3404 62
3405 73
3406 40
3407 36
3408 98
3409 73
3410 66
3411 78
3412 89
3413 9
3414 18
3415 64
3416 25
3417 39
3418 34
3419 21
3420 63
3421 89
3422 17
3423 35
3424 81
3425 5
3426 85
3427 54
3428 91
3429 3
3430 41
3431 68
3432 12
3433 95
3434 68
3435 60
3436 79
3437 0
3438 33
3439 82
3440 95
3441 61
3442 92
3443 3
3444 77
3445 59
3446 66
3447 54
3448 89
3449 8
3450 61
3451 46
3452 36
3453 38
3454 20
3455 36
3456 44
3457 33
3458 59
3459 17
3460 93
3461 55
3462 54
3463 30
3464 41
3465 50
3466 92
3467 76
3468 40
3469 72
3470 50
3471 78
3472 90
3473 54
3474 62
3475 10
3476 21
3477 19
3478 32
3479 0
3480 39
3481 53
3482 4
3483 86
3484 13
3485 30
3486 26
3487 81
3488 3
3489 76
3490 90
3491 33
3492 69
3493 75
3494 2
3495 64
3496 89
3497 93
3498 3
3499 29
3500 71
3501 65
3502 69
3503 61
3504 70
3505 69
3506 76
3507 84
3508 53
3509 77
3510 64
3511 12
3512 43
3513 47
3514 68
3515 38
3516 11
3517 60
3518 87
3519 42
3520 61
3521 31
3522 19
3523 90
3524 22
3525 35
3526 79
3527 80
3528 31
3529 96
3530 73
3531 45
3532 69
3533 6
3534 57
3535 17
3536 87
3537 44
3538 57
3539 48
3540 77
3541 68
3542 83
3543 60
3544 74
3545 64
3546 12
3547 30
3548 51
3549 82
3550 67
3551 59
3552 95
3553 89
3554 30
3555 7
3556 94
3557 75
3558 20
3559 49
3560 88
3561 83
3562 13
3563 85
3564 94
3565 8
3566 83
3567 0
3568 98
3569 77
3570 90
3571 91
3572 85
3573 61
3574 91
3575 19
3576 59
3577 83
3578 45
3579 97
3580 43
3581 2
3582 38
3583 60
3584 20
3585 14
3586 90
3587 20
3588 71
3589 70
3590 2
3591 34
3592 26
3593 63
3594 80
3595 0
3596 42
3597 39
3598 53
3599 16
3600 35
3601 32
3602 11
3603 48
3604 17
3605 32
3606 90
3607 36
3608 7
3609 32
3610 95
3611 39
3612 31
3613 45
3614 49
3615 5
3616 60
3617 15
3618 80
3619 46
3620 98
3621 70
3622 11
3623 97
3624 45
3625 99
3626 5
3627 88
3628 69
3629 59
3630 4
3631 31
3632 4
3633 28
3634 35
3635 16
3636 69
3637 12
3638 19
3639 17
3640 81
3641 16
3642 13
3643 81
3644 81
3645 51
3646 54
3647 18
3648 0
3649 75
3650 20
3651 73
3652 43
3653 93
3654 49
3655 25
3656 8
3657 23
3658 13
3659 77
3660 91
3661 12
3662 65
3663 32
3664 19
3665 49
3666 27
3667 70
3668 45
3669 51
3670 70
3671 37
3672 50
3673 14
3674 32
3675 83
3676 64
3677 87
3678 55
3679 79
3680 84
3681 6
3682 81
3683 40
3684 75
3685 95
3686 70
3687 57
3688 91
3689 96
3690 40
3691 16
3692 83
3693 61
3694 35
3695 2
3696 52
3697 11
3698 83
3699 59
3700 0
3701 67
3702 67
3703 7
3704 21
3705 54
3706 92
3707 56
3708 64
3709 86
3710 39
3711 4
3712 98
3713 4
3714 56
3715 80
3716 52
3717 90
3718 4
3719 43
3720 10
3721 97
3722 46
3723 60
3724 11
3725 67
3726 22
3727 27
3728 26
3729 26
3730 54
3731 10
3732 32
3733 73
3734 79
3735 89
3736 18
3737 29
3738 20
3739 57
3740 52
3741 4
3742 54
3743 54
3744 60
3745 54
3746 45
3747 8
3748 6
3749 24
3750 66
3751 22
3752 54
3753 14
3754 94
3755 98
3756 2
3757 54
3758 98
3759 37
3760 29
3761 19
3762 9
3763 4
3764 67
3765 57
3766 88
3767 50
3768 94
3769 73
3770 77
3771 53
3772 46
3773 73
3774 16
3775 55
3776 30
3777 15
3778 71
3779 37
3780 43
3781 50
3782 40
3783 46
3784 11
3785 23
3786 57
3787 6
3788 3
3789 38
3790 28
3791 98
3792 14
3793 73
3794 52
3795 81
3796 86
3797 74
3798 44
3799 58
3800 64
3801 32
3802 11
3803 77
3804 92
3805 25
3806 50
3807 20
3808 83
3809 3
3810 51
3811 10
3812 50
3813 16
3814 7
3815 31
3816 0
3817 53
3818 42
3819 91
3820 35
3821 18
3822 90
3823 25
3824 68
3825 41
3826 50
3827 76
3828 53
3829 26
3830 30
3831 41
3832 53
3833 98
3834 89
3835 24
3836 27
3837 51
3838 26
3839 73
3840 3
3841 75
3842 96
3843 36
3844 51
3845 54
3846 1
3847 44
3848 89
3849 95
3850 98
3851 25
3852 75
3853 48
3854 98
3855 10
3856 63
3857 45
3858 20
3859 21
3860 36
3861 39
3862 46
3863 67
3864 32
3865 41
3866 12
3867 59
3868 60
3869 52
3870 74
3871 63
3872 95
3873 45
3874 72
3875 82
3876 41
3877 8
3878 56
3879 71
3880 35
3881 5
3882 41
3883 17
3884 81
3885 22
3886 98
3887 12
3888 52
3889 79
3890 58
3891 82
3892 11
3893 10
3894 88
3895 95
3896 53
3897 91
3898 72
3899 65
3900 21
3901 96
3902 25
3903 48
3904 54
3905 39
3906 29
3907 5
3908 94
3909 45
3910 70
3911 19
3912 33
3913 44
3914 59
3915 99
3916 10
3917 72
3918 64
3919 5
3920 14
3921 46
3922 91
3923 12
3924 82
3925 34
3926 9
3927 95
3928 53
3929 35
3930 44
3931 39
3932 19
3933 35
3934 71
3935 21
3936 60
3937 17
3938 55
3939 72
3940 12
3941 2
3942 25
3943 48
3944 51
3945 7
3946 87
3947 34
3948 14
3949 0
3950 35
3951 60
3952 58
3953 15
3954 72
3955 49
3956 29
3957 41
3958 91
3959 42
3960 47
3961 2
3962 21
3963 96
3964 89
3965 36
3966 20
3967 43
3968 42
3969 57
3970 91
3971 44
3972 56
3973 83
3974 24
3975 98
3976 86
3977 50
3978 10
3979 75
3980 41
3981 61
3982 84
3983 61
3984 87
3985 41
3986 84
3987 1
3988 56
3989 77
3990 12
3991 76
3992 72
3993 15
3994 71
3995 65
3996 37
3997 97
3998 5
3999 4
4000 92
4001 97
4002 17
4003 5
4004 58
4005 71
4006 20
4007 21
4008 93
4009 49
4010 83
4011 93
4012 50
4013 30
4014 33
4015 20
4016 46
4017 68
4018 5
4019 7
4020 82
4021 47
4022 39
4023 38
4024 87
4025 86
4026 97
4027 74
4028 46
4029 44
4030 96
4031 89
4032 16
4033 41
4034 57
4035 54
4036 58
4037 56
4038 23
4039 89
4040 25
4041 9
4042 91
4043 5
4044 43
4045 80
4046 12
4047 21
4048 6
4049 4
4050 21
4051 84
4052 41
4053 39
4054 8
4055 18
4056 36
4057 19
4058 32
4059 6
4060 76
4061 18
4062 67
4063 79
4064 40
4065 51
4066 50
4067 95
4068 36
4069 24
4070 51
4071 91
4072 17
4073 5
4074 10
4075 26
4076 62
4077 78
4078 95
4079 60
4080 15
4081 14
4082 44
4083 67
4084 91
4085 24
4086 51
4087 37
4088 84
4089 22
4090 47
4091 33
4092 22
4093 26
4094 12
4095 8
4096 32
4097 41
4098 93
4099 45
4100 68
4101 4
4102 50
4103 89
4104 78
4105 13
4106 71
4107 25
4108 89
4109 58
4110 92
4111 77
4112 38
4113 29
4114 3
4115 29
4116 14
4117 24
4118 12
4119 79
4120 34
4121 60
4122 44
4123 13
4124 14
4125 98
4126 13
4127 42
4128 47
4129 38
4130 45
4131 76
4132 62
4133 88
4134 10
4135 52
4136 55
4137 5
4138 19
4139 41
4140 22
4141 2
4142 22
4143 16
4144 22
4145 37
4146 10
4147 5
4148 76
4149 17
4150 80
4151 20
4152 91
4153 20
4154 77
4155 75
4156 78
4157 40
4158 70
4159 72
4160 37
4161 86
4162 56
4163 35
4164 38
4165 99
4166 10
4167 28
4168 76
4169 42
4170 22
4171 67
4172 59
4173 47
4174 66
4175 33
4176 91
4177 46
4178 13
4179 16
4180 42
4181 8
4182 89
4183 4
4184 54
4185 75
4186 62
4187 53
4188 83
4189 65
4190 5
4191 1
4192 67
4193 34
4194 15
4195 46
4196 23
4197 94
4198 2
4199 29
4200 74
4201 51
4202 87
4203 30
4204 42
4205 17
4206 86
4207 44
4208 18
4209 65
4210 79
4211 62
4212 96
4213 72
4214 45
4215 4
4216 39
4217 4
4218 44
4219 39
4220 61
4221 9
4222 71
4223 47
4224 20
4225 97
4226 9
4227 43
4228 47
4229 50
4230 11
4231 72
4232 56
4233 64
4234 55
4235 7
4236 72
4237 4
4238 15
4239 5
4240 83
4241 1
4242 5
4243 82
4244 38
4245 39
4246 19
4247 90
4248 59
4249 19
4250 59
4251 96
4252 4
4253 59
4254 53
4255 20
4256 41
4257 75
4258 56
4259 75
4260 4
4261 92
4262 47
4263 87
4264 30
4265 18
4266 26
4267 82
4268 85
4269 87
4270 34
4271 93
4272 93
4273 42
4274 62
4275 40
4276 40
4277 83
4278 67
4279 39
4280 97
4281 36
4282 79
4283 61
4284 32
4285 5
4286 18
4287 90
4288 21
4289 32
4290 49
4291 4
4292 11
4293 59
4294 28
4295 79
4296 77
4297 68
4298 7
4299 10
4300 29
4301 68
4302 6
4303 10
4304 8
4305 57
4306 27
4307 57
4308 90
4309 53
4310 61
4311 87
4312 70
4313 3
4314 3
4315 69
4316 49
4317 65
4318 41
4319 64
4320 84
4321 85
4322 83
4323 18
4324 85
4325 5
4326 93
4327 41
4328 61
4329 78
4330 71
4331 19
4332 84
4333 9
4334 35
4335 41
4336 20
4337 53
4338 20
4339 93
4340 27
4341 69
4342 66
4343 35
4344 73
4345 89
4346 80
4347 33
4348 3
4349 52
4350 1
4351 10
4352 51
4353 41
4354 87
4355 89
4356 56
4357 96
4358 6
4359 79
4360 53
4361 25
4362 62
4363 98
4364 9
4365 14
4366 69
4367 94
4368 82
4369 86
4370 56
4371 59
4372 41
4373 46
4374 92
4375 37
4376 6
4377 65
4378 13
4379 76
4380 6
4381 17
4382 7
4383 79
4384 53
4385 12
4386 73
4387 47
4388 77
4389 22
4390 83
4391 2
4392 41
4393 43
4394 55
4395 99
4396 34
4397 17
4398 0
4399 34
4400 46
4401 56
4402 4
4403 35
4404 30
4405 2
4406 33
4407 99
4408 50
4409 96
4410 63
4411 15
4412 37
4413 30
4414 8
4415 89
4416 83
4417 83
4418 61
4419 47
4420 92
4421 31
4422 60
4423 63
4424 45
4425 90
4426 11
4427 17
4428 90
4429 24
4430 45
4431 95
4432 46
4433 12
4434 32
4435 18
4436 96
4437 71
4438 0
4439 59
4440 5
4441 28
4442 22
4443 77
4444 62
4445 73
4446 73
4447 7
4448 96
4449 77
4450 26
4451 99
4452 1
4453 25
4454 46
4455 56
4456 66
4457 58
4458 26
4459 57
4460 28
4461 60
4462 22
4463 98
4464 53
4465 41
4466 92
4467 20
4468 97
4469 10
4470 53
4471 75
4472 81
4473 39
4474 45
4475 87
4476 3
4477 47
4478 0
4479 25
4480 40
4481 98
4482 92
4483 99
4484 11
4485 42
4486 99
4487 23
4488 12
4489 61
4490 95
4491 38
4492 25
4493 97
4494 9
4495 96
4496 16
4497 67
4498 15
4499 0
4500 74
4501 27
4502 40
4503 53
4504 76
4505 88
4506 98
4507 77
4508 97
4509 80
4510 7
4511 47
4512 92
4513 22
4514 73
4515 72
4516 56
4517 55
4518 49
4519 30
4520 33
4521 57
4522 55
4523 85
4524 78
4525 79
4526 61
4527 11
4528 17
4529 35
4530 65
4531 59
4532 99
4533 25
4534 97
4535 63
4536 26
4537 20
4538 54
4539 78
4540 17
4541 27
4542 45
4543 73
4544 15
4545 58
4546 59
4547 53
4548 7
4549 64
4550 47
4551 31
4552 40
4553 41
4554 46
4555 97
4556 85
4557 45
4558 38
4559 13
4560 76
4561 56
4562 0
4563 96
4564 88
4565 33
4566 57
4567 67
4568 50
4569 62
4570 80
4571 26
4572 37
4573 18
4574 42
4575 39
4576 38
4577 1
4578 82
4579 3
4580 11
4581 25
4582 49
4583 53
4584 90
4585 6
4586 63
4587 15
4588 75
4589 93
4590 4
4591 32
4592 8
4593 82
4594 18
4595 84
4596 85
4597 8
4598 70
4599 31
4600 80
4601 90
4602 46
4603 42
4604 62
4605 51
4606 67
4607 5
4608 40
4609 11
4610 44
4611 82
4612 25
4613 17
4614 87
4615 91
4616 5
4617 18
4618 99
4619 66
4620 8
4621 89
4622 44
4623 22
4624 97
4625 93
4626 47
4627 74
4628 22
4629 3
4630 70
4631 78
4632 69
4633 44
4634 84
4635 46
4636 80
4637 7
4638 90
4639 47
4640 57
4641 97
4642 23
4643 41
4644 6
4645 46
4646 74
4647 51
4648 1
4649 15
4650 61
4651 55
4652 32
4653 65
4654 84
4655 45
4656 60
4657 78
4658 53
4659 95
4660 43
4661 29
4662 28
4663 55
4664 44
4665 85
4666 32
4667 73
4668 98
4669 17
4670 49
4671 45
4672 66
4673 6
4674 28
4675 1
4676 60
4677 94
4678 28
4679 8
4680 37
4681 61
4682 59
4683 69
4684 14
4685 75
4686 86
4687 19
4688 60
4689 48
4690 78
4691 94
4692 43
4693 76
4694 16
4695 76
4696 41
4697 20
4698 8
4699 48
4700 62
4701 23
4702 2
4703 83
4704 58
4705 30
4706 50
4707 97
4708 8
4709 78
4710 7
4711 21
4712 13
4713 10
4714 58
4715 5
4716 24
4717 17
4718 61
4719 74
4720 1
4721 75
4722 66
4723 32
4724 88
4725 66
4726 2
4727 68
4728 69
4729 25
4730 77
4731 42
4732 75
4733 67
4734 11
4735 41
4736 66
4737 61
4738 2
4739 73
4740 94
4741 1
4742 54
4743 52
4744 5
4745 68
4746 37
4747 38
4748 41
4749 45
4750 77
4751 32
4752 96
4753 48
4754 19
4755 93
4756 96
4757 29
4758 7
4759 19
4760 68
4761 16
4762 58
4763 35
4764 72
4765 66
4766 3
4767 47
4768 69
4769 16
4770 3
4771 91
4772 58
4773 72
4774 85
4775 56
4776 2
4777 26
4778 74
4779 73
4780 56
4781 60
4782 66
4783 48
4784 56
4785 94
4786 27
4787 68
4788 97
4789 5
4790 41
4791 12
4792 52
4793 38
4794 4
4795 41
4796 3
4797 64
4798 47
4799 74
4800 96
4801 18
4802 3
4803 24
4804 12
4805 80
4806 16
4807 57
4808 0
4809 97
4810 2
4811 90
4812 23
4813 25
4814 56
4815 1
4816 30
4817 45
4818 30
4819 61
4820 93
4821 80
4822 2
4823 5
4824 76
4825 30
4826 87
4827 49
4828 42
4829 13
4830 73
4831 88
4832 25
4833 35
4834 8
4835 27
4836 35
4837 47
4838 59
4839 51
4840 18
4841 39
4842 60
4843 60
4844 76
4845 87
4846 8
4847 81
4848 45
4849 45
4850 74
4851 93
4852 17
4853 24
4854 13
4855 17
4856 5
4857 29
4858 58
4859 50
4860 86
4861 44
4862 63
4863 10
4864 63
4865 80
4866 42
4867 53
4868 9
4869 21
4870 71
4871 57
4872 4
4873 78
4874 82
4875 15
4876 4
4877 77
4878 80
4879 55
4880 57
4881 7
4882 24
4883 52
4884 33
4885 78
4886 94
4887 44
4888 5
4889 97
4890 98
4891 85
4892 16
4893 10
4894 63
4895 12
4896 75
4897 67
4898 3
4899 21
4900 77
4901 64
4902 70
4903 41
4904 43
4905 6
4906 97
4907 92
4908 11
4909 80
4910 42
4911 27
4912 3
4913 70
4914 83
4915 29
4916 29
4917 6
4918 13
4919 34
4920 31
4921 20
4922 47
4923 57
4924 34
4925 19
4926 91
4927 83
4928 12
4929 42
4930 60
4931 41
4932 86
4933 6
4934 90
4935 18
4936 94
4937 77
4938 32
4939 75
4940 1
4941 8
4942 25
4943 33
4944 3
4945 50
4946 17
4947 1
4948 61
4949 76
4950 95
4951 47
4952 32
4953 53
4954 44
4955 80
4956 41
4957 43
4958 46
4959 73
4960 51
4961 45
4962 60
4963 93
4964 29
4965 68
4966 30
4967 92
4968 65
4969 53
4970 97
4971 99
4972 70
4973 77
4974 53
4975 28
4976 19
4977 91
4978 83
4979 51
4980 85
4981 3
4982 54
4983 75
4984 67
4985 61
4986 22
4987 90
4988 17
4989 57
4990 16
4991 19
4992 74
4993 10
4994 93
4995 26
4996 87
4997 98
4998 70
4999 91
5000 37
5001 29
5002 85
5003 25
5004 26
5005 98
5006 42
5007 74
5008 25
5009 6
5010 21
5011 43
5012 81
5013 40
5014 4
5015 86
5016 29
5017 82
5018 64
5019 92
5020 1
5021 15
5022 62
5023 54
5024 88
5025 55
5026 92
5027 27
5028 34
5029 99
5030 30
5031 63
5032 78
5033 49
5034 15
5035 64
5036 97
5037 4
5038 49
5039 90
5040 73
5041 26
5042 42
5043 71
5044 88
5045 75
5046 88
5047 84
5048 29
5049 78
5050 40
5051 17
5052 87
5053 7
5054 58
5055 4
5056 26
5057 0
5058 93
5059 85
5060 59
5061 9
5062 19
5063 20
5064 14
5065 22
5066 28
5067 77
5068 31
5069 31
5070 44
5071 20
5072 54
5073 84
5074 75
5075 12
5076 68
5077 16
5078 74
5079 5
5080 99
5081 41
5082 19
5083 14
5084 34
5085 38
5086 42
5087 79
5088 71
5089 67
5090 3
5091 80
5092 66
5093 98
5094 43
5095 59
5096 55
5097 71
5098 28
5099 67
5100 39
5101 71
5102 9
5103 16
5104 92
5105 10
5106 19
5107 81
5108 11
5109 83
5110 74
5111 1
5112 84
5113 65
5114 84
5115 7
5116 25
5117 51
5118 61
5119 69
5120 16
5121 26
5122 19
5123 47
5124 23
5125 19
5126 40
5127 74
5128 49
5129 72
5130 74
5131 51
5132 15
5133 51
5134 31
5135 34
5136 12
5137 6
5138 12
5139 91
5140 11
5141 99
5142 44
5143 96
5144 76
5145 96
5146 81
5147 87
5148 86
5149 28
5150 27
5151 80
5152 88
5153 12
5154 12
5155 22
5156 25
5157 44
5158 97
5159 38
5160 43
5161 42
5162 75
5163 76
5164 45
5165 73
5166 70
5167 46
5168 81
5169 35
5170 23
5171 13
5172 50
5173 93
5174 84
5175 99
5176 73
5177 17
5178 39
5179 55
5180 31
5181 63
5182 16
5183 38
5184 39
5185 41
5186 91
5187 31
5188 54
5189 68
5190 50
5191 75
5192 1
5193 11
5194 79
5195 15
5196 78
5197 75
5198 98
5199 12
5200 84
5201 98
5202 55
5203 69
5204 61
5205 77
5206 35
5207 48
5208 81
5209 9
5210 58
5211 74
5212 49
5213 81
5214 20
5215 25
5216 98
5217 42
5218 28
5219 27
5220 61
5221 93
5222 19
5223 21
5224 56
5225 33
5226 65
5227 51
5228 98
5229 14
5230 92
5231 72
5232 88
5233 6
5234 34
5235 63
5236 12
5237 99
5238 80
5239 76
5240 52
5241 82
5242 41
5243 8
5244 44
5245 78
5246 19
5247 96
5248 96
5249 90
5250 99
5251 48
5252 33
5253 45
5254 32
5255 61
5256 67
5257 48
5258 78
5259 53
5260 14
5261 61
5262 46
5263 95
5264 65
5265 3
5266 25
5267 76
5268 95
5269 30
5270 63
5271 39
5272 44
5273 54
5274 9
5275 63
5276 16
5277 45
5278 30
5279 6
5280 5
5281 21
5282 3
5283 22
5284 96
5285 85
5286 78
5287 41
5288 79
5289 22
5290 30
5291 73
5292 28
5293 78
5294 58
5295 3
5296 64
5297 41
5298 39
5299 71
5300 6
5301 12
5302 4
5303 26
5304 92
5305 81
5306 21
5307 76
5308 13
5309 27
5310 24
5311 45
5312 46
5313 71
5314 33
5315 64
5316 44
5317 4
5318 31
5319 82
5320 58
5321 37
5322 24
5323 46
5324 89
5325 99
5326 59
5327 93
5328 44
5329 41
5330 49
5331 25
5332 29
5333 43
5334 51
5335 67
5336 33
5337 37
5338 90
5339 58
5340 15
5341 61
5342 41
5343 4
5344 7
5345 17
5346 36
5347 11
5348 58
5349 56
5350 45
5351 64
5352 63
5353 68
5354 13
5355 64
5356 88
5357 85
5358 33
5359 49
5360 58
5361 9
5362 79
5363 70
5364 95
5365 31
5366 32
5367 47
5368 97
5369 20
5370 88
5371 30
5372 82
5373 36
5374 17
5375 18
5376 83
5377 74
5378 69
5379 70
5380 2
5381 35
5382 83
5383 96
5384 72
5385 52
5386 61
5387 96
5388 47
5389 12
5390 36
5391 79
5392 89
5393 48
5394 53
5395 9
5396 62
5397 82
5398 16
5399 7
5400 8
5401 25
5402 43
5403 55
5404 94
5405 63
5406 92
5407 45
5408 38
5409 70
5410 92
5411 58
5412 96
5413 74
5414 73
5415 64
5416 37
5417 48
5418 55
5419 90
5420 85
5421 91
5422 80
5423 68
5424 93
5425 63
5426 14
5427 43
5428 64
5429 42
5430 90
5431 85
5432 85
5433 52
5434 54
5435 31
5436 46
5437 33
5438 94
5439 0
5440 68
5441 10
5442 16
5443 19
5444 84
5445 53
5446 72
5447 82
5448 82
5449 84
5450 28
5451 97
5452 81
5453 64
5454 97
5455 38
5456 51
5457 16
5458 34
5459 67
5460 27
5461 41
5462 18
5463 71
5464 72
5465 98
5466 18
5467 66
5468 96
5469 49
5470 64
5471 39
5472 46
5473 5
5474 82
5475 71
5476 78
5477 23
5478 26
5479 36
5480 32
5481 4
5482 48
5483 14
5484 29
5485 53
5486 44
5487 26
5488 50
5489 86
5490 39
5491 41
5492 57
5493 41
5494 72
5495 31
5496 62
5497 10
5498 70
5499 65
5500 10
5501 64
5502 81
5503 58
5504 28
5505 71
5506 90
5507 29
5508 26
5509 41
5510 53
5511 64
5512 11
5513 45
5514 54
5515 76
5516 59
5517 91
5518 44
5519 29
5520 19
5521 5
5522 83
5523 63
5524 43
5525 26
5526 64
5527 3
5528 94
5529 48
5530 35
5531 11
5532 58
5533 6
5534 40
5535 17
5536 69
5537 76
5538 68
5539 67
5540 79
5541 68
5542 79
5543 68
5544 66
5545 9
5546 47
5547 68
5548 84
5549 65
5550 37
5551 9
5552 5
5553 14
5554 27
5555 74
5556 49
5557 54
5558 34
5559 21
5560 96
5561 81
5562 41
5563 41
5564 14
5565 38
5566 3
5567 96
5568 17
5569 97
5570 83
5571 93
5572 75
5573 69
5574 30
5575 50
5576 73
5577 83
5578 59
5579 89
5580 52
5581 81
5582 87
5583 16
5584 8
5585 3
5586 38
5587 24
5588 43
5589 87
5590 27
5591 95
5592 49
5593 60
5594 87
5595 75
5596 55
5597 50
5598 14
5599 35
5600 17
5601 49
5602 55
5603 80
5604 12
5605 55
5606 89
5607 0
5608 44
5609 84
5610 1
5611 84
5612 55
5613 49
5614 10
5615 16
5616 37
5617 3
5618 21
5619 1
5620 77
5621 6
5622 57
5623 71
5624 61
5625 77
5626 42
5627 96
5628 17
5629 68
5630 3
5631 70
5632 84
5633 4
5634 50
5635 52
5636 12
5637 53
5638 49
5639 88
5640 28
5641 66
5642 94
5643 44
5644 61
5645 30
5646 78
5647 3
5648 87
5649 19
5650 76
5651 45
5652 11
5653 83
5654 86
5655 63
5656 50
5657 88
5658 30
5659 20
5660 84
5661 25
5662 71
5663 45
5664 38
5665 87
5666 74
5667 8
5668 89
5669 10
5670 0
5671 73
5672 21
5673 92
5674 45
5675 42
5676 58
5677 64
5678 60
5679 95
5680 7
5681 69
5682 46
5683 94
5684 85
5685 2
5686 37
5687 50
5688 30
5689 82
5690 98
5691 76
5692 4
5693 76
5694 87
5695 48
5696 64
5697 21
5698 11
5699 33
5700 36
5701 55
5702 48
5703 62
5704 10
5705 22
5706 84
5707 61
5708 58
5709 98
5710 67
5711 38
5712 84
5713 16
5714 88
5715 99
5716 26
5717 26
5718 62
5719 91
5720 21
5721 5
5722 39
5723 20
5724 32
5725 27
5726 82
5727 71
5728 29
5729 90
5730 55
5731 82
5732 21
5733 20
5734 51
5735 41
5736 75
5737 29
5738 45
5739 66
5740 73
5741 66
5742 66
5743 63
5744 74
5745 92
5746 82
5747 50
5748 16
5749 68
5750 37
5751 32
5752 6
5753 48
5754 73
5755 15
5756 94
5757 72
5758 52
5759 58
5760 74
5761 98
5762 24
5763 95
5764 64
5765 24
5766 27
5767 37
5768 32
5769 99
5770 44
5771 84
5772 82
5773 90
5774 8
5775 25
5776 46
5777 77
5778 51
5779 71
5780 29
5781 24
5782 35
5783 40
5784 9
5785 12
5786 48
5787 94
5788 81
5789 76
5790 53
5791 9
5792 14
5793 58
5794 30
5795 46
5796 9
5797 33
5798 3
5799 70
5800 39
5801 42
5802 18
5803 60
5804 51
5805 3
5806 78
5807 6
5808 7
5809 72
5810 48
5811 35
5812 47
5813 70
5814 10
5815 7
5816 27
5817 63
5818 87
5819 84
5820 16
5821 83
5822 65
5823 84
5824 69
5825 21
5826 95
5827 4
5828 24
5829 57
5830 83
5831 84
5832 65
5833 74
5834 91
5835 54
5836 70
5837 41
5838 93
5839 9
5840 18
5841 68
5842 33
5843 94
5844 40
5845 57
5846 8
5847 45
5848 23
5849 52
5850 70
5851 18
5852 52
5853 8
5854 92
5855 19
5856 88
5857 71
5858 85
5859 55
5860 25
5861 37
5862 68
5863 10
5864 60
5865 50
5866 67
5867 25
5868 41
5869 95
5870 33
5871 89
5872 78
5873 66
5874 9
5875 27
5876 53
5877 19
5878 56
5879 54
5880 30
5881 23
5882 67
5883 3
5884 42
5885 53
5886 71
5887 23
5888 19
5889 89
5890 28
5891 83
5892 39
5893 72
5894 96
5895 26
5896 11
5897 90
5898 41
5899 97
5900 10
5901 6
5902 79
5903 48
5904 84
5905 76
5906 25
5907 50
5908 98
5909 98
5910 98
5911 65
5912 71
5913 49
5914 15
5915 84
5916 36
5917 24
5918 37
5919 2
5920 16
5921 9
5922 29
5923 76
5924 60
5925 80
5926 25
5927 71
5928 55
5929 82
5930 1
5931 63
5932 18
5933 46
5934 18
5935 29
5936 87
5937 8
5938 20
5939 16
5940 63
5941 15
5942 86
5943 64
5944 78
5945 81
5946 97
5947 12
5948 47
5949 98
5950 37
5951 61
5952 89
5953 5
5954 72
5955 72
5956 58
5957 47
5958 85
5959 69
5960 91
5961 94
5962 33
5963 79
5964 13
5965 43
5966 2
5967 84
5968 7
5969 45
5970 36
5971 41
5972 56
5973 45
5974 69
5975 10
5976 32
5977 51
5978 35
5979 40
5980 11
5981 59
5982 49
5983 77
5984 2
5985 65
5986 29
5987 54
5988 51
5989 66
5990 50
5991 28
5992 79
5993 71
5994 63
5995 32
5996 31
5997 65
5998 99
5999 61
6000 93
6001 28
6002 15
6003 92
6004 45
6005 86
6006 53
6007 3
6008 52
6009 83
6010 46
6011 56
6012 8
6013 30
6014 93
6015 60
6016 46
6017 87
6018 39
6019 20
6020 41
6021 13
6022 31
6023 12
6024 8
6025 52
6026 68
6027 67
6028 84
6029 19
6030 73
6031 91
6032 52
6033 88
6034 37
6035 6
6036 94
6037 32
6038 52
6039 99
6040 63
6041 94
6042 58
6043 19
6044 54
6045 65
6046 63
6047 23
6048 73
6049 41
6050 55
6051 94
6052 41
6053 8
6054 29
6055 9
6056 26
6057 22
6058 71
6059 63
6060 16
6061 86
6062 69
6063 60
6064 60
6065 5
6066 27
6067 62
6068 98
6069 48
6070 85
6071 10
6072 0
6073 55
6074 30
6075 33
6076 40
6077 94
6078 96
6079 3
6080 60
6081 71
6082 69
6083 33
6084 79
6085 70
6086 50
6087 83
6088 63
6089 51
6090 97
6091 49
6092 18
6093 54
6094 17
6095 15
6096 58
6097 3
6098 93
6099 25
6100 47
6101 38
6102 60
6103 73
6104 43
6105 14
6106 67
6107 47
6108 80
6109 85
6110 53
6111 34
6112 62
6113 79
6114 36
6115 17
6116 31
6117 96
6118 60
6119 38
6120 13
6121 29
6122 14
6123 44
6124 12
6125 27
6126 3
6127 72
6128 14
6129 43
6130 3
6131 6
6132 7
6133 73
6134 85
6135 78
6136 1
6137 60
6138 37
6139 9
6140 80
6141 4
6142 45
6143 62
6144 23
6145 99
6146 81
6147 73
6148 5
6149 2
6150 85
6151 99
6152 88
6153 43
6154 41
6155 37
6156 96
6157 69
6158 54
6159 3
6160 78
6161 12
6162 80
6163 54
6164 27
6165 63
6166 72
6167 78
6168 13
6169 40
6170 63
6171 18
6172 66
6173 26
6174 16
6175 85
6176 64
6177 94
6178 75
6179 37
6180 77
6181 72
6182 23
6183 40
6184 3
6185 74
6186 83
6187 63
6188 0
6189 35
6190 82
6191 60
6192 8
6193 62
6194 49
6195 84
6196 56
6197 26
6198 53
6199 73
6200 48
6201 94
6202 38
6203 30
6204 84
6205 18
6206 30
6207 13
6208 53
6209 56
6210 67
6211 26
6212 87
6213 73
6214 17
6215 74
6216 30
6217 77
6218 48
6219 3
6220 58
6221 54
6222 3
6223 56
6224 28
6225 45
6226 33
6227 57
6228 36
6229 19
6230 29
6231 99
6232 37
6233 26
6234 65
6235 58
6236 87
6237 9
6238 7
6239 65
6240 5
6241 70
6242 45
6243 12
6244 98
6245 31
6246 79
6247 9
6248 22
6249 56
6250 24
6251 21
6252 47
6253 6
6254 65
6255 9
6256 9
6257 46
6258 13
6259 4
6260 16
6261 54
6262 63
6263 52
6264 84
6265 41
6266 1
6267 18
6268 44
6269 42
6270 60
6271 28
6272 20
6273 31
6274 61
6275 58
6276 56
6277 20
6278 82
6279 45
6280 14
6281 63
6282 90
6283 47
6284 79
6285 35
6286 93
6287 0
6288 95
6289 56
6290 45
6291 74
6292 72
6293 78
6294 91
6295 21
6296 22
6297 74
6298 86
6299 81
6300 57
6301 55
6302 91
6303 64
6304 66
6305 71
6306 70
6307 45
6308 11
6309 13
6310 4
6311 95
6312 99
6313 19
6314 54
6315 92
6316 18
6317 16
6318 42
6319 1
6320 87
6321 55
6322 17
6323 59
6324 24
6325 44
6326 93
6327 56
6328 50
6329 37
6330 40
6331 64
6332 3
6333 34
6334 90
6335 20
6336 64
6337 66
6338 53
6339 24
6340 88
6341 57
6342 91
6343 53
6344 60
6345 35
6346 54
6347 82
6348 56
6349 62
6350 31
6351 8
6352 24
6353 32
6354 88
6355 14
6356 43
6357 40
6358 57
6359 86
6360 1
6361 99
6362 26
6363 82
6364 81
6365 20
6366 68
6367 83
6368 34
6369 13
6370 37
6371 52
6372 72
6373 34
6374 14
6375 84
6376 9
6377 19
6378 92
6379 61
6380 45
6381 21
6382 78
6383 45
6384 31
6385 6
6386 3
6387 19
6388 3
6389 50
6390 35
6391 36
6392 58
6393 95
6394 25
6395 36
6396 9
6397 77
6398 77
6399 55
6400 22
6401 7
6402 95
6403 96
6404 49
6405 62
6406 89
6407 53
6408 11
6409 31
6410 96
6411 54
6412 13
6413 69
6414 6
6415 37
6416 99
6417 37
6418 89
6419 99
6420 23
6421 54
6422 52
6423 28
6424 33
6425 9
6426 16
6427 9
6428 78
6429 53
6430 93
6431 51
6432 91
6433 48
6434 67
6435 93
6436 60
6437 98
6438 24
6439 26
6440 1
6441 64
6442 44
6443 73
6444 63
6445 2
6446 56
6447 74
6448 56
6449 1
6450 43
6451 98
6452 66
6453 71
6454 7
6455 44
6456 11
6457 41
6458 24
6459 6
6460 99
6461 59
6462 85
6463 79
6464 62
6465 77
6466 88
6467 2
6468 45
6469 2
6470 91
6471 73
6472 75
6473 89
6474 73
6475 9
6476 17
6477 19
6478 26
6479 29
6480 43
6481 95
6482 77
6483 43
6484 26
6485 62
6486 68
6487 14
6488 4
6489 52
6490 29
6491 91
6492 62
6493 5
6494 67
6495 46
6496 45
6497 61
6498 95
6499 20
6500 63
6501 61
6502 47
6503 84
6504 98
6505 10
6506 10
6507 75
6508 1
6509 41
6510 26
6511 99
6512 95
6513 42
6514 70
6515 15
6516 53
6517 39
6518 75
6519 20
6520 50
6521 77
6522 91
6523 30
6524 73
6525 33
6526 9
6527 46
6528 24
6529 40
6530 0
6531 63
6532 8
6533 85
6534 18
6535 85
6536 86
6537 48
6538 69
6539 2
6540 57
6541 92
6542 83
6543 86
6544 33
6545 2
6546 31
6547 73
6548 36
6549 98
6550 72
6551 36
6552 51
6553 80
6554 65
6555 78
6556 30
6557 15
6558 46
6559 2
6560 1
6561 82
6562 70
6563 74
6564 91
6565 12
6566 38
6567 22
6568 58
6569 70
6570 91
6571 55
6572 55
6573 52
6574 76
6575 84
6576 92
6577 28
6578 56
6579 82
6580 19
6581 38
6582 3
6583 8
6584 95
6585 29
6586 67
6587 57
6588 59
6589 5
6590 54
6591 74
6592 31
6593 8
6594 94
6595 69
6596 63
6597 19
6598 62
6599 45
6600 66
6601 64
6602 40
6603 65
6604 32
6605 20
6606 84
6607 31
6608 76
6609 99
6610 0
6611 65
6612 22
6613 49
6614 85
6615 94
6616 53
6617 61
6618 19
6619 99
6620 29
6621 93
6622 53
6623 50
6624 47
6625 57
6626 4
6627 57
6628 70
6629 5
6630 6
6631 4
6632 50
6633 42
6634 31
6635 9
6636 40
6637 17
6638 80
6639 24
6640 50
6641 39
6642 4
6643 55
6644 93
6645 21
6646 48
6647 80
6648 25
6649 95
6650 63
6651 73
6652 56
6653 77
6654 91
6655 54
6656 71
6657 33
6658 68
6659 94
6660 86
6661 36
6662 86
6663 97
6664 55
6665 49
6666 81
6667 10
6668 55
6669 31
6670 29
6671 8
6672 97
6673 92
6674 28
6675 99
6676 24
6677 35
6678 50
6679 61
6680 64
6681 20
6682 0
6683 71
6684 64
6685 26
6686 57
6687 46
6688 75
6689 85
6690 1
6691 15
6692 89
6693 38
6694 30
6695 43
6696 37
6697 48
6698 42
6699 93
6700 45
6701 54
6702 60
6703 2
6704 66
6705 27
6706 27
6707 82
6708 91
6709 82
6710 18
6711 8
6712 41
6713 14
6714 25
6715 36
6716 37
6717 11
6718 9
6719 22
6720 22
6721 32
6722 95
6723 40
6724 97
6725 28
6726 79
6727 33
6728 63
6729 7
6730 41
6731 13
6732 70
6733 66
6734 23
6735 29
6736 40
6737 11
6738 2
6739 75
6740 53
6741 48
6742 44
6743 79
6744 32
6745 31
6746 31
6747 89
6748 35
6749 43
6750 61
6751 38
6752 24
6753 58
6754 76
6755 26
6756 67
6757 86
6758 12
6759 73
6760 81
6761 23
6762 15
6763 75
6764 65
6765 70
6766 20
6767 27
6768 44
6769 8
6770 1
6771 87
6772 96
6773 71
6774 16
6775 77
6776 62
6777 30
6778 82
6779 57
6780 1
6781 49
6782 96
6783 47
6784 54
6785 3
6786 54
6787 77
6788 47
6789 95
6790 69
6791 62
6792 12
6793 87
6794 55
6795 90
6796 76
6797 3
6798 30
6799 42
6800 24
6801 51
6802 55
6803 45
6804 54
6805 48
6806 71
6807 9
6808 63
6809 24
6810 29
6811 53
6812 77
6813 90
6814 62
6815 75
6816 31
6817 32
6818 17
6819 8
6820 81
6821 9
6822 54
6823 84
6824 47
6825 87
6826 82
6827 63
6828 18
6829 9
6830 5
6831 24
6832 7
6833 31
6834 61
6835 90
6836 1
6837 31
6838 59
6839 33
6840 30
6841 56
6842 57
6843 96
6844 9
6845 94
6846 59
6847 75
6848 83
6849 36
6850 86
6851 16
6852 85
6853 6
6854 59
6855 7
6856 10
6857 55
6858 48
6859 22
6860 74
6861 44
6862 50
6863 52
6864 86
6865 8
6866 27
6867 90
6868 19
6869 83
6870 42
6871 56
6872 7
6873 58
6874 86
6875 34
6876 19
6877 76
6878 64
6879 95
6880 7
6881 87
6882 81
6883 92
6884 2
6885 27
6886 40
6887 2
6888 38
6889 60
6890 49
6891 78
6892 5
6893 31
6894 35
6895 54
6896 96
6897 2
6898 52
6899 64
6900 65
6901 81
6902 99
6903 14
6904 66
6905 42
6906 31
6907 25
6908 13
6909 58
6910 87
6911 95
6912 58
6913 94
6914 54
6915 21
6916 66
6917 68
6918 13
6919 99
6920 86
6921 77
6922 36
6923 31
6924 12
6925 12
6926 58
6927 61
6928 50
6929 46
6930 49
6931 36
6932 87
6933 14
6934 10
6935 79
6936 8
6937 53
6938 77
6939 91
6940 52
6941 74
6942 50
6943 8
6944 1
6945 23
6946 12
6947 94
6948 99
6949 36
6950 47
6951 69
6952 63
6953 10
6954 78
6955 3
6956 65
6957 29
6958 90
6959 15
6960 82
6961 19
6962 78
6963 40
6964 29
6965 43
6966 71
6967 71
6968 61
6969 26
6970 72
6971 0
6972 12
6973 73
6974 0
6975 12
6976 31
6977 44
6978 28
6979 8
6980 47
6981 68
6982 69
6983 96
6984 76
6985 52
6986 6
6987 51
6988 57
6989 67
6990 7
6991 31
6992 87
6993 49
6994 82
6995 61
6996 35
6997 47
6998 7
6999 50
7000 55
7001 41
7002 15
7003 85
7004 61
7005 31
7006 85
7007 56
7008 57
7009 53
7010 86
7011 59
7012 48
7013 12
7014 31
7015 84
7016 61
7017 85
7018 93
7019 89
7020 52
7021 33
7022 29
7023 49
7024 14
7025 80
7026 82
7027 25
7028 93
7029 37
7030 80
7031 80
7032 49
7033 82
7034 79
7035 49
7036 11
7037 11
7038 77
7039 29
7040 58
7041 32
7042 49
7043 86
7044 23
7045 20
7046 45
7047 45
7048 31
7049 23
7050 39
7051 21
7052 70
7053 29
7054 32
7055 77
7056 78
7057 77
7058 25
7059 24
7060 35
7061 96
7062 4
7063 1
7064 60
7065 62
7066 76
7067 89
7068 62
7069 50
7070 8
7071 81
7072 98
7073 59
7074 38
7075 73
7076 65
7077 4
7078 87
7079 59
7080 42
7081 42
7082 47
7083 26
7084 54
7085 61
7086 0
7087 63
7088 52
7089 35
7090 37
7091 89
7092 60
7093 45
7094 86
7095 41
7096 70
7097 80
7098 45
7099 61
7100 45
7101 20
7102 87
7103 54
7104 14
7105 26
7106 20
7107 17
7108 88
7109 15
7110 78
7111 86
7112 36
7113 0
7114 66
7115 73
7116 46
7117 14
7118 34
7119 15
7120 90
7121 31
7122 32
7123 5
7124 82
7125 36
7126 38
7127 32
7128 83
7129 48
7130 91
7131 32
7132 70
7133 33
7134 52
7135 6
7136 17
7137 67
7138 85
7139 78
7140 89
7141 62
7142 96
7143 46
7144 19
7145 59
7146 0
7147 73
7148 16
7149 96
7150 33
7151 57
7152 27
7153 71
7154 78
7155 15
7156 43
7157 68
7158 60
7159 54
7160 85
7161 19
7162 61
7163 6
7164 72
7165 17
7166 89
7167 95
7168 63
7169 56
7170 74
7171 3
7172 3
7173 65
7174 67
7175 92
7176 87
7177 31
7178 69
7179 19
7180 18
7181 38
7182 69
7183 33
7184 9
7185 41
7186 28
7187 12
7188 36
7189 34
7190 92
7191 51
7192 87
7193 52
7194 92
7195 16
7196 6
7197 79
7198 29
7199 11
7200 81
7201 88
7202 86
7203 96
7204 36
7205 8
7206 58
7207 2
7208 43
7209 78
7210 56
7211 6
7212 62
7213 45
7214 62
7215 79
7216 56
7217 48
7218 30
7219 95
7220 78
7221 75
7222 94
7223 7
7224 98
7225 11
7226 12
7227 2
7228 9
7229 49
7230 36
7231 56
7232 39
7233 55
7234 91
7235 6
7236 83
7237 67
7238 21
7239 77
7240 35
7241 46
7242 61
7243 47
7244 26
7245 73
7246 84
7247 59
7248 48
7249 57
7250 24
7251 37
7252 7
7253 88
7254 35
7255 59
7256 40
7257 36
7258 21
7259 47
7260 38
7261 1
7262 59
7263 72
7264 95
7265 2
7266 30
7267 37
7268 20
7269 81
7270 72
7271 1
7272 12
7273 94
7274 62
7275 70
7276 12
7277 66
7278 11
7279 73
7280 86
7281 91
7282 21
7283 70
7284 4
7285 32
7286 26
7287 65
7288 49
7289 40
7290 58
7291 52
7292 19
7293 11
7294 8
7295 49
7296 52
7297 12
7298 6
7299 60
7300 38
7301 11
7302 83
7303 90
7304 45
7305 14
7306 61
7307 42
7308 37
7309 76
7310 0
7311 13
7312 54
7313 54
7314 50
7315 41
7316 77
7317 78
7318 39
7319 50
7320 44
7321 42
7322 60
7323 24
7324 13
7325 1
7326 81
7327 90
7328 35
7329 33
7330 77
7331 36
7332 10
7333 41
7334 91
7335 77
7336 55
7337 35
7338 34
7339 99
7340 21
7341 38
7342 33
7343 55
7344 74
7345 18
7346 14
7347 90
7348 10
7349 21
7350 86
7351 30
7352 13
7353 70
7354 50
7355 40
7356 8
7357 41
7358 84
7359 62
7360 38
7361 85
7362 32
7363 28
7364 81
7365 46
7366 6
7367 80
7368 61
7369 68
7370 95
7371 50
7372 92
7373 26
7374 20
7375 39
7376 85
7377 52
7378 82
7379 86
7380 10
7381 26
7382 91
7383 86
7384 4
7385 53
7386 18
7387 95
7388 76
7389 68
7390 15
7391 95
7392 32
7393 9
7394 66
7395 37
7396 41
7397 36
7398 30
7399 0
7400 47
7401 61
7402 30
7403 58
7404 62
7405 62
7406 68
7407 94
7408 52
7409 98
7410 66
7411 85
7412 83
7413 1
7414 94
7415 24
7416 22
7417 73
7418 37
7419 98
7420 80
7421 54
7422 97
7423 60
7424 90
7425 84
7426 53
7427 74
7428 47
7429 45
7430 46
7431 10
7432 30
7433 18
7434 7
7435 33
7436 6
7437 66
7438 25
7439 42
7440 53
7441 99
7442 21
7443 50
7444 60
7445 81
7446 32
7447 62
7448 91
7449 29
7450 22
7451 76
7452 78
7453 27
7454 98
7455 29
7456 35
7457 54
7458 90
7459 12
7460 3
7461 86
7462 90
7463 4
7464 5
7465 76
7466 28
7467 76
7468 62
7469 8
7470 15
7471 4
7472 48
7473 60
7474 80
7475 53
7476 28
7477 52
7478 76
7479 62
7480 82
7481 26
7482 7
7483 18
7484 33
7485 6
7486 91
7487 61
7488 40
7489 8
7490 20
7491 6
7492 37
7493 87
7494 19
7495 16
7496 8
7497 62
7498 23
7499 1
7500 37
7501 82
7502 75
7503 41
7504 67
7505 19
7506 79
7507 79
7508 44
7509 48
7510 2
7511 10
7512 87
7513 6
7514 89
7515 23
7516 16
7517 45
7518 66
7519 10
7520 20
7521 81
7522 16
7523 61
7524 57
7525 11
7526 43
7527 36
7528 68
7529 56
7530 52
7531 4
7532 38
7533 49
7534 12
7535 15
7536 57
7537 19
7538 34
7539 48
7540 49
7541 58
7542 34
7543 0
7544 19
7545 0
7546 75
7547 96
7548 21
7549 66
7550 45
7551 19
7552 3
7553 49
7554 74
7555 16
7556 95
7557 16
7558 64
7559 82
7560 57
7561 27
7562 44
7563 92
7564 6
7565 61
7566 17
7567 31
7568 55
7569 60
7570 40
7571 71
7572 21
7573 42
7574 44
7575 46
7576 13
7577 0
7578 46
7579 32
7580 18
7581 21
7582 59
7583 28
7584 18
7585 4
7586 93
7587 68
7588 14
7589 52
7590 28
7591 96
7592 38
7593 74
7594 15
7595 42
7596 66
7597 26
7598 20
7599 26
7600 51
7601 11
7602 5
7603 49
7604 37
7605 71
7606 96
7607 2
7608 33
7609 34
7610 38
7611 72
7612 24
7613 0
7614 56
7615 77
7616 93
7617 15
7618 10
7619 5
7620 76
7621 96
7622 29
7623 28
7624 63
7625 97
7626 37
7627 37
7628 48
7629 84
7630 64
7631 18
7632 81
7633 66
7634 19
7635 13
7636 9
7637 54
7638 31
7639 30
7640 60
7641 83
7642 18
7643 32
7644 3
7645 29
7646 40
7647 58
7648 66
7649 13
7650 5
7651 10
7652 67
7653 79
7654 26
7655 36
7656 16
7657 17
7658 61
7659 14
7660 1
7661 50
7662 49
7663 97
7664 75
7665 52
7666 36
7667 64
7668 29
7669 31
7670 59
7671 52
7672 58
7673 62
7674 48
7675 99
7676 43
7677 65
7678 35
7679 27
7680 39
7681 94
7682 25
7683 43
7684 21
7685 35
7686 12
7687 6
7688 14
7689 32
7690 92
7691 4
7692 5
7693 77
7694 84
7695 93
7696 32
7697 66
7698 4
7699 89
7700 65
7701 82
7702 90
7703 6
7704 37
7705 7
7706 77
7707 14
7708 56
7709 4
7710 74
7711 16
7712 4
7713 55
7714 35
7715 50
7716 56
7717 18
7718 61
7719 57
7720 81
7721 72
7722 98
7723 64
7724 8
7725 53
7726 11
7727 44
7728 17
7729 38
7730 25
7731 89
7732 73
7733 43
7734 59
7735 99
7736 91
7737 99
7738 36
7739 60
7740 50
7741 26
7742 19
7743 33
7744 27
7745 63
7746 15
7747 64
7748 25
7749 69
7750 58
7751 72
7752 4
7753 77
7754 94
7755 45
7756 53
7757 25
7758 44
7759 96
7760 84
7761 59
7762 81
7763 87
7764 44
7765 5
7766 58
7767 38
7768 76
7769 9
7770 51
7771 49
7772 45
7773 23
7774 64
7775 42
7776 83
7777 78
7778 4
7779 19
7780 64
7781 52
7782 60
7783 29
7784 51
7785 81
7786 1
7787 72
7788 10
7789 59
7790 10
7791 47
7792 45
7793 37
7794 12
7795 28
7796 8
7797 29
7798 47
7799 41
7800 79
7801 89
7802 10
7803 54
7804 40
7805 14
7806 44
7807 63
7808 45
7809 76
7810 35
7811 15
7812 97
7813 11
7814 42
7815 99
7816 75
7817 94
7818 66
7819 61
7820 18
7821 93
7822 77
7823 28
7824 47
7825 24
7826 52
7827 32
7828 55
7829 99
7830 83
7831 55
7832 8
7833 16
7834 55
7835 39
7836 77
7837 24
7838 7
7839 48
7840 11
7841 50
7842 64
7843 31
7844 8
7845 17
7846 32
7847 82
7848 23
7849 47
7850 30
7851 6
7852 48
7853 72
7854 77
7855 18
7856 98
7857 57
7858 63
7859 74
7860 51
7861 35
7862 24
7863 0
7864 80
7865 84
7866 12
7867 95
7868 66
7869 21
7870 73
7871 94
7872 37
7873 43
7874 86
7875 64
7876 9
7877 11
7878 78
7879 73
7880 39
7881 4
7882 53
7883 26
7884 74
7885 59
7886 58
7887 19
7888 51
7889 39
7890 89
7891 22
7892 82
7893 45
7894 48
7895 80
7896 90
7897 63
7898 21
7899 63
7900 49
7901 52
7902 11
7903 67
7904 34
7905 23
7906 6
7907 93
7908 72
7909 21
7910 40
7911 82
7912 24
7913 58
7914 11
7915 71
7916 54
7917 52
7918 41
7919 38
7920 41
7921 71
7922 60
7923 9
7924 61
7925 92
7926 98
7927 26
7928 67
7929 1
7930 80
7931 18
7932 24
7933 95
7934 3
7935 20
7936 86
7937 47
7938 92
7939 79
7940 68
7941 31
7942 83
7943 44
7944 17
7945 4
7946 87
7947 86
7948 89
7949 77
7950 45
7951 82
7952 76
7953 67
7954 82
7955 39
7956 72
7957 49
7958 98
7959 96
7960 6
7961 80
7962 3
7963 45
7964 16
7965 8
7966 75
7967 69
7968 38
7969 25
7970 75
7971 41
7972 11
7973 76
7974 26
7975 59
7976 71
7977 78
7978 62
7979 94
7980 79
7981 91
7982 29
7983 93
7984 89
7985 97
7986 19
7987 7
7988 3
7989 60
7990 92
7991 1
7992 59
7993 30
7994 86
7995 11
7996 1
7997 44
7998 18
7999 23
8000 41
8001 39
8002 52
8003 12
8004 51
8005 81
8006 16
8007 79
8008 21
8009 9
8010 55
8011 39
8012 52
8013 74
8014 63
8015 2
8016 20
8017 40
8018 56
8019 45
8020 86
8021 45
8022 45
8023 1
8024 75
8025 38
8026 87
8027 89
8028 75
8029 66
8030 72
8031 0
8032 71
8033 53
8034 11
8035 79
8036 6
8037 38
8038 39
8039 56
8040 47
8041 88
8042 11
8043 34
8044 52
8045 14
8046 70
8047 97
8048 87
8049 13
8050 65
8051 15
8052 69
8053 67
8054 79
8055 72
8056 65
8057 25
8058 24
8059 39
8060 86
8061 64
8062 9
8063 65
8064 65
8065 49
8066 15
8067 47
8068 50
8069 63
8070 6
8071 98
8072 58
8073 7
8074 38
8075 19
8076 43
8077 86
8078 91
8079 6
8080 36
8081 79
8082 98
8083 86
8084 51
8085 83
8086 20
8087 42
8088 18
8089 6
8090 65
8091 16
8092 6
8093 48
8094 13
8095 59
8096 19
8097 77
8098 33
8099 40
8100 56
8101 8
8102 90
8103 77
8104 34
8105 54
8106 3
8107 49
8108 25
8109 23
8110 16
8111 45
8112 3
8113 10
8114 58
8115 77
8116 82
8117 65
8118 67
8119 59
8120 81
8121 73
8122 63
8123 0
8124 3
8125 15
8126 69
8127 80
8128 3
8129 41
8130 44
8131 17
8132 20
8133 36
8134 73
8135 5
8136 9
8137 86
8138 56
8139 61
8140 70
8141 37
8142 19
8143 86
8144 31
8145 98
8146 58
8147 9
8148 45
8149 49
8150 92
8151 51
8152 46
8153 66
8154 18
8155 12
8156 28
8157 17
8158 4
8159 18
8160 0
8161 27
8162 5
8163 94
8164 2
8165 56
8166 61
8167 66
8168 65
8169 2
8170 30
8171 86
8172 53
8173 32
8174 66
8175 65
8176 36
8177 64
8178 97
8179 85
8180 95
8181 55
8182 51
8183 91
8184 54
8185 13
8186 78
8187 32
8188 87
8189 30
8190 77
8191 91
8192 95
8193 1
8194 56
8195 20
8196 18
8197 84
8198 80
8199 40
8200 2
8201 2
8202 20
8203 41
8204 80
8205 47
8206 39
8207 42
8208 39
8209 51
8210 85
8211 26
8212 73
8213 90
8214 60
8215 57
8216 4
8217 7
8218 78
8219 7
8220 70
8221 85
8222 26
8223 81
8224 58
8225 62
8226 5
8227 43
8228 40
8229 96
8230 76
8231 72
8232 83
8233 46
8234 72
8235 13
8236 29
8237 76
8238 25
8239 93
8240 87
8241 35
8242 79
8243 35
8244 4
8245 15
8246 71
8247 26
8248 69
8249 43
8250 67
8251 33
8252 91
8253 59
8254 66
8255 26
8256 64
8257 66
8258 31
8259 62
8260 15
8261 60
8262 28
8263 44
8264 52
8265 83
8266 62
8267 75
8268 69
8269 37
8270 56
8271 82
8272 85
8273 64
8274 18
8275 74
8276 26
8277 2
8278 85
8279 34
8280 80
8281 66
8282 72
8283 96
8284 4
8285 64
8286 86
8287 64
8288 46
8289 82
8290 3
8291 50
8292 25
8293 27
8294 48
8295 17
8296 70
8297 96
8298 44
8299 39
8300 76
8301 31
8302 41
8303 45
8304 88
8305 11
8306 24
8307 51
8308 36
8309 99
8310 57
8311 57
8312 21
8313 55
8314 51
8315 1
8316 98
8317 0
8318 48
8319 66
8320 67
8321 93
8322 16
8323 58
8324 8
8325 26
8326 81
8327 27
8328 76
8329 22
8330 68
8331 92
8332 67
8333 53
8334 34
8335 38
8336 32
8337 3
8338 42
8339 95
8340 74
8341 85
8342 63
8343 8
8344 25
8345 30
8346 66
8347 78
8348 77
8349 59
8350 2
8351 39
8352 40
8353 27
8354 55
8355 3
8356 2
8357 37
8358 61
8359 27
8360 79
8361 15
8362 22
8363 74
8364 8
8365 41
8366 45
8367 37
8368 94
8369 72
8370 7
8371 17
8372 88
8373 90
8374 47
8375 65
8376 35
8377 3
8378 25
8379 83
8380 93
8381 84
8382 34
8383 25
8384 48
8385 64
8386 8
8387 36
8388 69
8389 16
8390 38
8391 11
8392 2
8393 53
8394 64
8395 42
8396 67
8397 65
8398 85
8399 35
8400 21
8401 31
8402 96
8403 26
8404 61
8405 0
8406 29
8407 61
8408 36
8409 70
8410 81
8411 67
8412 82
8413 96
8414 34
8415 91
8416 35
8417 49
8418 19
8419 82
8420 50
8421 78
8422 47
8423 72
8424 81
8425 91
8426 56
8427 16
8428 54
8429 66
8430 62
8431 58
8432 97
8433 11
8434 9
8435 74
8436 27
8437 71
8438 97
8439 97
8440 23
8441 84
8442 34
8443 27
8444 4
8445 63
8446 1
8447 32
8448 18
8449 65
8450 87
8451 68
8452 65
8453 60
8454 40
8455 83
8456 1
8457 82
8458 90
8459 55
8460 92
8461 48
8462 0
8463 39
8464 99
8465 44
8466 18
8467 52
8468 25
8469 49
8470 56
8471 23
8472 5
8473 60
8474 63
8475 58
8476 70
8477 85
8478 12
8479 78
8480 4
8481 8
8482 13
8483 83
8484 27
8485 30
8486 97
8487 78
8488 85
8489 76
8490 76
8491 43
8492 89
8493 86
8494 71
8495 74
8496 47
8497 82
8498 74
8499 77
8500 10
8501 64
8502 57
8503 96
8504 56
8505 83
8506 98
8507 13
8508 46
8509 81
8510 37
8511 40
8512 86
8513 87
8514 72
8515 54
8516 45
8517 20
8518 58
8519 51
8520 85
8521 23
8522 12
8523 25
8524 44
8525 62
8526 0
8527 60
8528 80
8529 74
8530 18
8531 16
8532 51
8533 66
8534 44
8535 1
8536 75
8537 83
8538 80
8539 0
8540 78
8541 80
8542 62
8543 70
8544 3
8545 61
8546 5
8547 22
8548 26
8549 10
8550 56
8551 92
8552 6
8553 91
8554 78
8555 73
8556 35
8557 14
8558 53
8559 35
8560 70
8561 91
8562 85
8563 65
8564 21
8565 64
8566 29
8567 48
8568 63
8569 58
8570 56
8571 82
8572 92
8573 82
8574 13
8575 64
8576 7
8577 14
8578 80
8579 22
8580 81
8581 39
8582 69
8583 67
8584 4
8585 58
8586 56
8587 86
8588 48
8589 63
8590 48
8591 52
8592 45
8593 86
8594 44
8595 53
8596 86
8597 13
8598 72
8599 87
8600 58
8601 39
8602 4
8603 87
8604 78
8605 55
8606 76
8607 82
8608 11
8609 14
8610 60
8611 79
8612 26
8613 64
8614 67
8615 62
8616 50
8617 18
8618 55
8619 81
8620 12
8621 88
8622 68
8623 40
8624 23
8625 13
8626 51
8627 4
8628 95
8629 8
8630 61
8631 97
8632 28
8633 23
8634 69
8635 40
8636 89
8637 7
8638 30
8639 40
8640 42
8641 50
8642 58
8643 41
8644 76
8645 45
8646 37
8647 79
8648 20
8649 2
8650 54
8651 25
8652 35
8653 51
8654 33
8655 57
8656 81
8657 42
8658 97
8659 77
8660 4
8661 52
8662 29
8663 29
8664 28
8665 53
8666 46
8667 72
8668 29
8669 49
8670 71
8671 38
8672 69
8673 65
8674 38
8675 79
8676 5
8677 86
8678 39
8679 40
8680 66
8681 3
8682 15
8683 83
8684 69
8685 58
8686 67
8687 77
8688 53
8689 16
8690 95
8691 17
8692 93
8693 30
8694 66
8695 5
8696 10
8697 9
8698 44
8699 13
8700 2
8701 30
8702 56
8703 68
8704 83
8705 51
8706 11
8707 41
8708 91
8709 34
8710 53
8711 63
8712 89
8713 87
8714 63
8715 30
8716 90
8717 62
8718 91
8719 82
8720 58
8721 51
8722 13
8723 80
8724 98
8725 58
8726 90
8727 47
8728 55
8729 27
8730 55
8731 76
8732 0
8733 66
8734 19
8735 30
8736 24
8737 17
8738 70
8739 8
8740 55
8741 54
8742 55
8743 75
8744 61
8745 12
8746 70
8747 27
8748 18
8749 83
8750 67
8751 14
8752 9
8753 4
8754 30
8755 60
8756 58
8757 12
8758 8
8759 5
8760 58
8761 64
8762 14
8763 19
8764 59
8765 77
8766 82
8767 0
8768 81
8769 2
8770 19
8771 56
8772 66
8773 50
8774 86
8775 47
8776 45
8777 2
8778 71
8779 41
8780 81
8781 85
8782 73
8783 56
8784 89
8785 50
8786 91
8787 4
8788 79
8789 23
8790 16
8791 86
8792 72
8793 23
8794 26
8795 66
8796 47
8797 90
8798 31
8799 2
8800 10
8801 46
8802 93
8803 68
8804 42
8805 62
8806 81
8807 89
8808 65
8809 3
8810 47
8811 5
8812 19
8813 23
8814 76
8815 7
8816 26
8817 57
8818 16
8819 78
8820 92
8821 12
8822 54
8823 78
8824 15
8825 56
8826 79
8827 12
8828 68
8829 87
8830 60
8831 24
8832 5
8833 33
8834 33
8835 65
8836 76
8837 78
8838 11
8839 84
8840 66
8841 45
8842 93
8843 59
8844 19
8845 78
8846 92
8847 93
8848 85
8849 58
8850 16
8851 10
8852 84
8853 43
8854 7
8855 60
8856 94
8857 71
8858 88
8859 50
8860 9
8861 14
8862 72
8863 94
8864 12
8865 88
8866 35
8867 22
8868 88
8869 37
8870 42
8871 60
8872 79
8873 75
8874 95
8875 22
8876 51
8877 42
8878 37
8879 72
8880 29
8881 56
8882 60
8883 97
8884 4
8885 36
8886 97
8887 74
8888 67
8889 29
8890 54
8891 67
8892 88
8893 52
8894 72
8895 4
8896 87
8897 30
8898 14
8899 12
8900 29
8901 68
8902 30
8903 88
8904 32
8905 98
8906 6
8907 70
8908 69
8909 71
8910 11
8911 18
8912 35
8913 3
8914 12
8915 79
8916 45
8917 42
8918 78
8919 23
8920 46
8921 1
8922 73
8923 76
8924 59
8925 80
8926 70
8927 91
8928 25
8929 83
8930 35
8931 26
8932 97
8933 39
8934 49
8935 14
8936 10
8937 96
8938 65
8939 20
8940 83
8941 24
8942 39
8943 66
8944 70
8945 47
8946 51
8947 23
8948 17
8949 47
8950 17
8951 83
8952 43
8953 36
8954 56
8955 52
8956 15
8957 16
8958 84
8959 53
8960 10
8961 12
8962 66
8963 77
8964 47
8965 98
8966 64
8967 81
8968 12
8969 99
8970 22
8971 88
8972 87
8973 51
8974 75
8975 60
8976 47
8977 5
8978 26
8979 49
8980 33
8981 45
8982 86
8983 46
8984 19
8985 64
8986 28
8987 60
8988 36
8989 34
8990 92
8991 95
8992 87
8993 95
8994 50
8995 92
8996 22
8997 4
8998 16
8999 77
9000 99
9001 39
9002 54
9003 85
9004 2
9005 66
9006 81
9007 35
9008 16
9009 44
9010 80
9011 90
9012 25
9013 53
9014 89
9015 68
9016 66
9017 27
9018 69
9019 91
9020 42
9021 27
9022 0
9023 45
9024 83
9025 26
9026 36
9027 64
9028 88
9029 59
9030 16
9031 14
9032 6
9033 94
9034 44
9035 55
9036 88
9037 29
9038 8
9039 93
9040 40
9041 60
9042 19
9043 98
9044 5
9045 66
9046 35
9047 57
9048 22
9049 32
9050 74
9051 46
9052 57
9053 34
9054 91
9055 4
9056 62
9057 17
9058 95
9059 0
9060 19
9061 37
9062 48
9063 0
9064 81
9065 78
9066 49
9067 95
9068 61
9069 50
9070 56
9071 17
9072 25
9073 57
9074 5
9075 92
9076 33
9077 46
9078 66
9079 9
9080 74
9081 48
9082 88
9083 8
9084 57
9085 65
9086 45
9087 10
9088 89
9089 2
9090 85
9091 93
9092 48
9093 58
9094 28
9095 83
9096 45
9097 30
9098 17
9099 57
9100 33
9101 67
9102 85
9103 15
9104 63
9105 8
9106 74
9107 5
9108 60
9109 59
9110 72
9111 92
9112 99
9113 61
9114 27
9115 18
9116 78
9117 38
9118 7
9119 49
9120 11
9121 75
9122 92
9123 35
9124 75
9125 0
9126 84
9127 87
9128 30
9129 58
9130 56
9131 96
9132 48
9133 78
9134 0
9135 19
9136 30
9137 80
9138 95
9139 60
9140 40
9141 18
9142 12
9143 66
9144 31
9145 65
9146 86
9147 64
9148 28
9149 22
9150 43
9151 75
9152 53
9153 12
9154 0
9155 77
9156 20
9157 77
9158 73
9159 24
9160 70
9161 83
9162 5
9163 41
9164 57
9165 13
9166 47
9167 13
9168 23
9169 46
9170 4
9171 50
9172 63
9173 83
9174 18
9175 15
9176 74
9177 52
9178 90
9179 41
9180 38
9181 37
9182 79
9183 61
9184 34
9185 59
9186 62
9187 67
9188 3
9189 47
9190 21
9191 90
9192 51
9193 60
9194 56
9195 23
9196 90
9197 4
9198 84
9199 97
9200 17
9201 48
9202 69
9203 10
9204 51
9205 29
9206 10
9207 3
9208 38
9209 32
9210 70
9211 81
9212 34
9213 51
9214 10
9215 84
9216 3
9217 50
9218 46
9219 26
9220 56
9221 0
9222 82
9223 5
9224 49
9225 37
9226 15
9227 63
9228 85
9229 49
9230 98
9231 55
9232 69
9233 56
9234 89
9235 65
9236 86
9237 74
9238 44
9239 46
9240 86
9241 91
9242 48
9243 77
9244 34
9245 55
9246 32
9247 74
9248 27
9249 0
9250 60
9251 30
9252 79
9253 44
9254 27
9255 66
9256 55
9257 35
9258 72
9259 12
9260 4
9261 58
9262 1
9263 47
9264 26
9265 81
9266 17
9267 50
9268 41
9269 84
9270 68
9271 16
9272 67
9273 28
9274 22
9275 1
9276 24
9277 70
9278 69
9279 9
9280 14
9281 33
9282 15
9283 54
9284 8
9285 85
9286 16
9287 99
9288 77
9289 20
9290 11
9291 79
9292 37
9293 8
9294 93
9295 97
9296 41
9297 64
9298 16
9299 42
9300 53
9301 44
9302 19
9303 50
9304 3
9305 48
9306 32
9307 72
9308 54
9309 28
9310 57
9311 64
9312 41
9313 18
9314 0
9315 63
9316 74
9317 13
9318 77
9319 41
9320 12
9321 66
9322 46
9323 40
9324 37
9325 43
9326 83
9327 69
9328 89
9329 40
9330 7
9331 56
9332 36
9333 29
9334 60
9335 38
9336 38
9337 21
9338 79
9339 31
9340 69
9341 93
9342 72
9343 2
9344 51
9345 94
9346 30
9347 16
9348 63
9349 77
9350 22
9351 0
9352 31
9353 65
9354 55
9355 22
9356 8
9357 95
9358 69
9359 87
9360 38
9361 77
9362 78
9363 21
9364 99
9365 69
9366 23
9367 85
9368 43
9369 77
9370 47
9371 45
9372 9
9373 65
9374 75
9375 37
9376 69
9377 33
9378 50
9379 13
9380 69
9381 89
9382 56
9383 1
9384 7
9385 67
9386 75
9387 53
9388 70
9389 83
9390 53
9391 36
9392 77
9393 27
9394 41
9395 53
9396 97
9397 66
9398 96
9399 87
9400 34
9401 72
9402 4
9403 35
9404 90
9405 55
9406 37
9407 28
9408 82
9409 95
9410 32
9411 68
9412 18
9413 17
9414 13
9415 14
9416 91
9417 26
9418 41
9419 14
9420 15
9421 24
9422 50
9423 54
9424 41
9425 15
9426 51
9427 71
9428 92
9429 13
9430 7
9431 77
9432 52
9433 40
9434 49
9435 32
9436 4
9437 52
9438 94
9439 86
9440 34
9441 93
9442 48
9443 58
9444 96
9445 28
9446 23
9447 20
9448 31
9449 13
9450 70
9451 1
9452 51
9453 10
9454 28
9455 74
9456 55
9457 27
9458 85
9459 7
9460 39
9461 14
9462 92
9463 49
9464 56
9465 67
9466 91
9467 97
9468 51
9469 64
9470 34
9471 33
9472 46
9473 22
9474 61
9475 6
9476 80
9477 51
9478 69
9479 8
9480 8
9481 57
9482 14
9483 61
9484 42
9485 17
9486 51
9487 36
9488 54
9489 94
9490 62
9491 50
9492 81
9493 49
9494 84
9495 92
9496 10
9497 44
9498 57
9499 21
9500 98
9501 95
9502 93
9503 8
9504 41
9505 50
9506 99
9507 37
9508 38
9509 46
9510 75
9511 40
9512 41
9513 25
9514 16
9515 22
9516 67
9517 69
9518 91
9519 9
9520 46
9521 81
9522 35
9523 92
9524 36
9525 97
9526 22
9527 59
9528 59
9529 3
9530 56
9531 45
9532 3
9533 4
9534 59
9535 23
9536 96
9537 10
9538 64
9539 82
9540 14
9541 37
9542 82
9543 26
9544 15
9545 57
9546 37
9547 5
9548 56
9549 73
9550 16
9551 87
9552 44
9553 10
9554 84
9555 60
9556 26
9557 99
9558 74
9559 84
9560 30
9561 29
9562 8
9563 12
9564 32
9565 92
9566 13
9567 82
9568 98
9569 61
9570 90
9571 87
9572 48
9573 60
9574 92
9575 12
9576 88
9577 69
9578 56
9579 14
9580 55
9581 86
9582 71
9583 27
9584 75
9585 92
9586 0
9587 51
9588 5
9589 87
9590 0
9591 97
9592 32
9593 45
9594 24
9595 79
9596 43
9597 67
9598 97
9599 36
9600 35
9601 51
9602 2
9603 72
9604 79
9605 74
9606 79
9607 60
9608 15
9609 22
9610 31
9611 84
9612 94
9613 32
9614 95
9615 90
9616 72
9617 3
9618 48
9619 36
9620 23
9621 89
9622 60
9623 84
9624 32
9625 83
9626 26
9627 22
9628 38
9629 5
9630 5
9631 59
9632 36
9633 48
9634 55
9635 6
9636 73
9637 84
9638 33
9639 0
9640 50
9641 62
9642 16
9643 40
9644 95
9645 3
9646 36
9647 42
9648 2
9649 96
9650 68
9651 88
9652 97
9653 60
9654 70
9655 43
9656 62
9657 84
9658 87
9659 32
9660 2
9661 74
9662 8
9663 6
9664 88
9665 17
9666 78
9667 25
9668 93
9669 74
9670 0
9671 38
9672 61
9673 16
9674 11
9675 9
9676 95
9677 70
9678 50
9679 85
9680 5
9681 25
9682 47
9683 26
9684 19
9685 50
9686 59
9687 33
9688 79
9689 15
9690 74
9691 29
9692 23
9693 57
9694 2
9695 81
9696 60
9697 21
9698 99
9699 68
9700 90
9701 4
9702 95
9703 12
9704 32
9705 61
9706 29
9707 16
9708 42
9709 67
9710 97
9711 29
9712 82
9713 69
9714 74
9715 15
9716 57
9717 21
9718 57
9719 61
9720 39
9721 72
9722 69
9723 62
9724 18
9725 83
9726 80
9727 12
9728 63
9729 28
9730 77
9731 47
9732 94
9733 29
9734 95
9735 76
9736 81
9737 51
9738 2
9739 4
9740 0
9741 96
9742 61
9743 56
9744 4
9745 25
9746 25
9747 50
9748 55
9749 14
9750 2
9751 41
9752 20
9753 23
9754 88
9755 51
9756 56
9757 76
9758 92
9759 75
9760 49
9761 15
9762 13
9763 51
9764 11
9765 6
9766 38
9767 65
9768 85
9769 29
9770 34
9771 10
9772 61
9773 89
9774 35
9775 20
9776 92
9777 35
9778 43
9779 48
9780 80
9781 28
9782 25
9783 68
9784 33
9785 5
9786 65
9787 95
9788 44
9789 92
9790 76
9791 58
9792 99
9793 1
9794 19
9795 28
9796 82
9797 51
9798 21
9799 90
9800 18
9801 23
9802 12
9803 53
9804 81
9805 64
9806 18
9807 83
9808 37
9809 34
9810 17
9811 60
9812 6
9813 85
9814 90
9815 1
9816 99
9817 13
9818 50
9819 62
9820 41
9821 70
9822 15
9823 2
9824 68
9825 26
9826 58
9827 37
9828 95
9829 68
9830 73
9831 89
9832 15
9833 50
9834 13
9835 90
9836 19
9837 11
9838 77
9839 59
9840 99
9841 54
9842 27
9843 95
9844 52
9845 99
9846 69
9847 46
9848 40
9849 23
9850 72
9851 42
9852 55
9853 8
9854 73
9855 9
9856 1
9857 98
9858 63
9859 99
9860 58
9861 21
9862 65
9863 21
9864 93
9865 28
9866 56
9867 69
9868 5
9869 47
9870 30
9871 10
9872 27
9873 27
9874 44
9875 72
9876 1
9877 51
9878 87
9879 74
9880 27
9881 35
9882 6
9883 88
9884 9
9885 52
9886 10
9887 40
9888 5
9889 86
9890 58
9891 57
9892 27
9893 57
9894 57
9895 82
9896 83
9897 32
9898 67
9899 53
9900 46
9901 36
9902 89
9903 31
9904 65
9905 86
9906 29
9907 28
9908 82
9909 56
9910 34
9911 89
9912 33
9913 86
9914 57
9915 10
9916 33
9917 38
9918 78
9919 31
9920 57
9921 97
9922 50
9923 88
9924 86
9925 41
9926 73
9927 71
9928 69
9929 23
9930 15
9931 10
9932 29
9933 78
9934 60
9935 65
9936 87
9937 50
9938 94
9939 3
9940 84
9941 40
9942 52
9943 54
9944 13
9945 67
9946 5
9947 64
9948 33
9949 68
9950 85
9951 90
9952 55
9953 79
9954 4
9955 71
9956 50
9957 5
9958 9
9959 26
9960 44
9961 35
9962 91
9963 1
9964 55
9965 25
9966 32
9967 30
9968 51
9969 24
9970 62
9971 36
9972 17
9973 5
9974 36
9975 83
9976 72
9977 90
9978 65
9979 53
9980 90
9981 84
9982 44
9983 65
9984 10
9985 17
9986 20
9987 3
9988 57
9989 65
9990 90
9991 54
9992 31
9993 51
9994 37
9995 34
9996 61
9997 96
9998 54
9999 5
10000 5
